2019-12-09 08:19:49
Running ./time
Run on (16 X 3600 MHz CPU s)
CPU Caches:
  L1 Data 32K (x8)
  L1 Instruction 64K (x8)
  L2 Unified 512K (x8)
  L3 Unified 8192K (x2)
Load Average: 1.00, 1.00, 1.00
name,iterations,real_time,cpu_time,time_unit,bytes_per_second,items_per_second,label,error_occurred,error_message
"Noop",18282,37624.7,37609.4,ns,,,,,
"built_in<1>",18200,37270.5,37255.8,ns,,,,,
"built_in_distance<1>",18395,37318.7,37304.3,ns,,,,,
"mshift<1>",17666,39357.1,39341.2,ns,,,,,
"mshift_promoted<1>",13366,51003,50983.2,ns,,,,,
"mcomp<1>",17498,39185.7,39170.9,ns,,,,,
"mcomp_promoted<1>",13426,50439.6,50421.8,ns,,,,,
"built_in<2>",16804,40952.5,40933.3,ns,,,,,
"built_in_distance<2>",17138,41012.5,40996.3,ns,,,,,
"mshift<2>",9513,70976.1,70950.2,ns,,,,,
"mshift_promoted<2>",9825,71799.1,71770.9,ns,,,,,
"mcomp<2>",9624,71546.1,71518.1,ns,,,,,
"mcomp_promoted<2>",9639,71022.8,70994.1,ns,,,,,
"built_in<3>",9716,67921.8,67897.7,ns,,,,,
"built_in_distance<3>",10196,68856.1,68832,ns,,,,,
"mshift<3>",7150,96135.3,96086.9,ns,,,,,
"mshift_promoted<3>",7330,94743,94706.4,ns,,,,,
"mcomp<3>",8362,80895.3,80863.3,ns,,,,,
"mcomp_promoted<3>",8766,75790.4,75763.6,ns,,,,,
"new_algo<3>",6467,106483,106441,ns,,,,,
"built_in<4>",13221,50395.8,50376.4,ns,,,,,
"built_in_distance<4>",13337,51185.2,51165.5,ns,,,,,
"mshift<4>",9423,71315.8,71289.2,ns,,,,,
"mshift_promoted<4>",9564,71293.9,71266.5,ns,,,,,
"mcomp<4>",9527,71773.5,71737.9,ns,,,,,
"mcomp_promoted<4>",9644,71471.1,71443.6,ns,,,,,
"built_in<5>",10048,69168.9,69143.7,ns,,,,,
"built_in_distance<5>",10056,68589.9,68562,ns,,,,,
"mshift<5>",7182,95480.2,95443.7,ns,,,,,
"mshift_promoted<5>",7336,95566.7,95528.6,ns,,,,,
"mcomp<5>",8603,80965.1,80936.6,ns,,,,,
"mcomp_promoted<5>",8972,76426.1,76396.5,ns,,,,,
"new_algo<5>",6442,104074,104030,ns,,,,,
"built_in<6>",9170,75181.3,75144.5,ns,,,,,
"built_in_distance<6>",9362,74108.6,74078,ns,,,,,
"mshift<6>",7343,94085.4,94052.1,ns,,,,,
"mshift_promoted<6>",7095,95085.7,95047.6,ns,,,,,
"mcomp<6>",8855,76754.5,76723.2,ns,,,,,
"mcomp_promoted<6>",8295,81620.8,81589.5,ns,,,,,
"new_algo<6>",7016,100924,100887,ns,,,,,
"built_in<7>",7664,92578.8,92542.6,ns,,,,,
"built_in_distance<7>",7569,93152.9,93116.2,ns,,,,,
"mshift<7>",7435,94517.5,94470.9,ns,,,,,
"mshift_promoted<7>",7200,95085.9,95048.4,ns,,,,,
"mcomp<7>",8660,81388.8,81359.4,ns,,,,,
"mcomp_promoted<7>",9267,75969.5,75939.6,ns,,,,,
"new_algo<7>",7244,97954.8,97916.4,ns,,,,,
"built_in<8>",17049,41058.5,41041.8,ns,,,,,
"built_in_distance<8>",17074,41366.9,41352.2,ns,,,,,
"mshift<8>",9467,71084.2,71056.7,ns,,,,,
"mshift_promoted<8>",9502,70862.2,70827.6,ns,,,,,
"mcomp<8>",9551,71668.4,71643.1,ns,,,,,
"mcomp_promoted<8>",9960,71232.6,71206,ns,,,,,
"built_in<9>",9695,68542.9,68516.2,ns,,,,,
"built_in_distance<9>",10250,68559.8,68533.6,ns,,,,,
"mshift<9>",7110,94468.7,94432.6,ns,,,,,
"mshift_promoted<9>",7345,94779.5,94745.6,ns,,,,,
"mcomp<9>",8370,80591.9,80560.2,ns,,,,,
"mcomp_promoted<9>",9065,76853.1,76821.5,ns,,,,,
"new_algo<9>",6141,110007,109952,ns,,,,,
"built_in<10>",8967,74556.1,74528.5,ns,,,,,
"built_in_distance<10>",9356,74273.4,74244.1,ns,,,,,
"mshift<10>",7310,93922,93884,ns,,,,,
"mshift_promoted<10>",7496,95201.7,95164.4,ns,,,,,
"mcomp<10>",9261,76967.3,76937.6,ns,,,,,
"mcomp_promoted<10>",8557,81603.9,81574.4,ns,,,,,
"new_algo<10>",6246,110394,110351,ns,,,,,
"built_in<11>",9417,72424.1,72394.3,ns,,,,,
"built_in_distance<11>",9784,73438.4,73401.5,ns,,,,,
"mshift<11>",7193,95900,95864.8,ns,,,,,
"mshift_promoted<11>",7070,94903.6,94868.6,ns,,,,,
"mcomp<11>",8689,80901.4,80870.7,ns,,,,,
"mcomp_promoted<11>",8995,78184.6,78152.3,ns,,,,,
"new_algo<11>",6389,112350,112305,ns,,,,,
"built_in<12>",9069,74861.9,74835,ns,,,,,
"built_in_distance<12>",9498,74755.7,74726.8,ns,,,,,
"mshift<12>",7307,94143.9,94107.4,ns,,,,,
"mshift_promoted<12>",7234,95476,95426,ns,,,,,
"mcomp<12>",8800,77396.9,77369.7,ns,,,,,
"mcomp_promoted<12>",8692,80949.4,80919.8,ns,,,,,
"new_algo<12>",6905,100250,100211,ns,,,,,
"built_in<13>",9403,72119.8,72091.9,ns,,,,,
"built_in_distance<13>",9419,72563.6,72533.9,ns,,,,,
"mshift<13>",7276,94270.2,94236.7,ns,,,,,
"mshift_promoted<13>",7070,95282.7,95245.5,ns,,,,,
"mcomp<13>",8217,81830.7,81796.8,ns,,,,,
"mcomp_promoted<13>",8878,76620.5,76581.9,ns,,,,,
"new_algo<13>",6430,112269,112226,ns,,,,,
"built_in<14>",7917,87155.2,87122.8,ns,,,,,
"built_in_distance<14>",7759,87586.4,87551.5,ns,,,,,
"mshift<14>",7376,94652.3,94616.1,ns,,,,,
"mshift_promoted<14>",7105,94908,94871,ns,,,,,
"mcomp<14>",9158,78124.9,78094.4,ns,,,,,
"mcomp_promoted<14>",8729,81504.7,81472.2,ns,,,,,
"new_algo<14>",7174,99036.6,98997,ns,,,,,
"built_in<15>",8662,77161.4,77122.9,ns,,,,,
"built_in_distance<15>",8675,78059.2,78030.2,ns,,,,,
"mshift<15>",7404,95214.1,95178.6,ns,,,,,
"mshift_promoted<15>",7301,94973.5,94935.2,ns,,,,,
"mcomp<15>",8571,81262.1,81229.2,ns,,,,,
"mcomp_promoted<15>",9093,76665.7,76635.6,ns,,,,,
"new_algo<15>",6352,106496,106457,ns,,,,,
"built_in<16>",13314,51096.4,51074.9,ns,,,,,
"built_in_distance<16>",13888,50659.2,50638.9,ns,,,,,
"mshift<16>",9953,70942.5,70908,ns,,,,,
"mshift_promoted<16>",9507,70570.6,70544.5,ns,,,,,
"mcomp<16>",9679,71303.1,71274.8,ns,,,,,
"mcomp_promoted<16>",9556,70992.6,70965,ns,,,,,
"built_in<17>",9012,76154.9,76124.7,ns,,,,,
"built_in_distance<17>",9065,76980.8,76952.3,ns,,,,,
"mshift<17>",5243,130267,130220,ns,,,,,
"mshift_promoted<17>",7457,95413.1,95374.9,ns,,,,,
"mcomp<17>",8331,81627,81595,ns,,,,,
"mcomp_promoted<17>",9309,75869.5,75830.6,ns,,,,,
"new_algo<17>",6645,106099,106061,ns,,,,,
"built_in<18>",9154,74989.4,74957.4,ns,,,,,
"built_in_distance<18>",8911,74556.1,74527,ns,,,,,
"mshift<18>",7153,94735.6,94698.1,ns,,,,,
"mshift_promoted<18>",7353,94932.7,94896.2,ns,,,,,
"mcomp<18>",8730,76665.9,76638.6,ns,,,,,
"mcomp_promoted<18>",8424,81028.4,80996.2,ns,,,,,
"new_algo<18>",6072,111567,111523,ns,,,,,
"built_in<19>",9499,72586.4,72557.7,ns,,,,,
"built_in_distance<19>",9638,72241.6,72215,ns,,,,,
"mshift<19>",7352,95239.2,95201.3,ns,,,,,
"mshift_promoted<19>",7127,94325,94287.8,ns,,,,,
"mcomp<19>",8588,81833,81800.2,ns,,,,,
"mcomp_promoted<19>",8909,76604.2,76577.3,ns,,,,,
"new_algo<19>",6338,111256,111215,ns,,,,,
"built_in<20>",9422,75449.1,75419.3,ns,,,,,
"built_in_distance<20>",9011,74296.8,74268,ns,,,,,
"mshift<20>",7469,95685,95645,ns,,,,,
"mshift_promoted<20>",7179,94578.6,94545.4,ns,,,,,
"mcomp<20>",8923,76593.4,76561.5,ns,,,,,
"mcomp_promoted<20>",8515,81004.4,80972.9,ns,,,,,
"new_algo<20>",6365,111515,111471,ns,,,,,
"built_in<21>",7703,91902.9,91867.2,ns,,,,,
"built_in_distance<21>",7584,91479.3,91445.5,ns,,,,,
"mshift<21>",7151,94341.2,94303.4,ns,,,,,
"mshift_promoted<21>",7362,95899.9,95862.4,ns,,,,,
"mcomp<21>",8471,81813.8,81782.1,ns,,,,,
"mcomp_promoted<21>",9051,76634.9,76606.7,ns,,,,,
"new_algo<21>",6121,111425,111384,ns,,,,,
"built_in<22>",8420,79124.8,79092.8,ns,,,,,
"built_in_distance<22>",8619,79435.5,79403.9,ns,,,,,
"mshift<22>",7106,94934.3,94900.9,ns,,,,,
"mshift_promoted<22>",7354,96103.6,96068.1,ns,,,,,
"mcomp<22>",9173,76276.1,76246.6,ns,,,,,
"mcomp_promoted<22>",8504,81142.6,81109.8,ns,,,,,
"new_algo<22>",6133,112044,111989,ns,,,,,
"built_in<23>",6680,101511,101473,ns,,,,,
"built_in_distance<23>",6930,101212,101175,ns,,,,,
"mshift<23>",7095,94433.1,94396.3,ns,,,,,
"mshift_promoted<23>",7494,95750.9,95711.2,ns,,,,,
"mcomp<23>",8307,82793.8,82761.2,ns,,,,,
"mcomp_promoted<23>",8815,76887.7,76859.8,ns,,,,,
"new_algo<23>",6408,110995,110951,ns,,,,,
"built_in<24>",9074,74103.1,74074.9,ns,,,,,
"built_in_distance<24>",9193,74937.5,74899.1,ns,,,,,
"mshift<24>",7414,95826.2,95792.4,ns,,,,,
"mshift_promoted<24>",7503,94785,94750.6,ns,,,,,
"mcomp<24>",9078,77106.7,77075.8,ns,,,,,
"mcomp_promoted<24>",8317,81933,81900.9,ns,,,,,
"new_algo<24>",6157,112595,112547,ns,,,,,
"built_in<25>",7573,91608.5,91575.4,ns,,,,,
"built_in_distance<25>",7824,91340.9,91307.5,ns,,,,,
"mshift<25>",7393,95434.5,95396.6,ns,,,,,
"mshift_promoted<25>",7086,95119.3,95081.8,ns,,,,,
"mcomp<25>",8736,81418.3,81384.9,ns,,,,,
"mcomp_promoted<25>",9161,77999.3,77968.5,ns,,,,,
"new_algo<25>",6349,111508,111467,ns,,,,,
"built_in<26>",8772,79643.6,79612.3,ns,,,,,
"built_in_distance<26>",8666,79317.2,79285.4,ns,,,,,
"mshift<26>",7482,94966.4,94927.6,ns,,,,,
"mshift_promoted<26>",7167,95380.7,95345.6,ns,,,,,
"mcomp<26>",9092,77672,77641.2,ns,,,,,
"mcomp_promoted<26>",8756,81484.7,81443.6,ns,,,,,
"new_algo<26>",6270,111322,111279,ns,,,,,
"built_in<27>",9330,72877.2,72849,ns,,,,,
"built_in_distance<27>",9328,72829.7,72803.2,ns,,,,,
"mshift<27>",7475,95015.7,94977.9,ns,,,,,
"mshift_promoted<27>",7361,94953,94916.3,ns,,,,,
"mcomp<27>",8460,81602.5,81570,ns,,,,,
"mcomp_promoted<27>",8957,76924,76894.3,ns,,,,,
"new_algo<27>",6301,110799,110755,ns,,,,,
"built_in<28>",8031,87624.9,87581.7,ns,,,,,
"built_in_distance<28>",7792,87218.6,87184.8,ns,,,,,
"mshift<28>",7064,94659.1,94625.7,ns,,,,,
"mshift_promoted<28>",7322,95558,95522.6,ns,,,,,
"mcomp<28>",8869,76259,76228.3,ns,,,,,
"mcomp_promoted<28>",8234,81572.4,81540.6,ns,,,,,
"new_algo<28>",6330,111034,110991,ns,,,,,
"built_in<29>",6879,97723.7,97688.9,ns,,,,,
"built_in_distance<29>",7130,98554.7,98518.9,ns,,,,,
"mshift<29>",7093,95006.7,94959.2,ns,,,,,
"mshift_promoted<29>",7455,96006.9,95967.1,ns,,,,,
"mcomp<29>",8704,81735,81703,ns,,,,,
"mcomp_promoted<29>",8727,76555.7,76528.3,ns,,,,,
"new_algo<29>",6159,115982,115936,ns,,,,,
"built_in<30>",8779,79274.2,79243.5,ns,,,,,
"built_in_distance<30>",8789,78600.8,78570.3,ns,,,,,
"mshift<30>",7251,96278.9,96244.1,ns,,,,,
"mshift_promoted<30>",7429,95331.4,95296,ns,,,,,
"mcomp<30>",9299,77467.6,77428.8,ns,,,,,
"mcomp_promoted<30>",8371,81095.4,81063.5,ns,,,,,
"new_algo<30>",6098,110149,110106,ns,,,,,
"built_in<31>",7030,97037.2,97003.2,ns,,,,,
"built_in_distance<31>",7212,97511.8,97476,ns,,,,,
"mshift<31>",7229,95361.9,95322.9,ns,,,,,
"mshift_promoted<31>",7095,94827.4,94790.6,ns,,,,,
"mcomp<31>",8707,81976.9,81945.5,ns,,,,,
"mcomp_promoted<31>",9134,76078.2,76051.9,ns,,,,,
"new_algo<31>",6390,111406,111351,ns,,,,,
"built_in<32>",14000,50645.4,50625.5,ns,,,,,
"built_in_distance<32>",13886,50911,50889.6,ns,,,,,
"mshift<32>",9299,71330.3,71304.5,ns,,,,,
"mshift_promoted<32>",9402,72595.9,72567.1,ns,,,,,
"mcomp<32>",9600,72471.3,72442.6,ns,,,,,
"mcomp_promoted<32>",9663,72438.7,72410.1,ns,,,,,
"built_in<33>",9166,76329.1,76301,ns,,,,,
"built_in_distance<33>",9065,75932.6,75905.7,ns,,,,,
"mshift<33>",7232,95380,95330.4,ns,,,,,
"mshift_promoted<33>",7207,95890.8,95852.4,ns,,,,,
"mcomp<33>",8376,82544.7,82512.1,ns,,,,,
"mcomp_promoted<33>",8682,77801.7,77773,ns,,,,,
"new_algo<33>",6024,110901,110858,ns,,,,,
"built_in<34>",8489,79549.6,79518.2,ns,,,,,
"built_in_distance<34>",8650,79533.2,79501.9,ns,,,,,
"mshift<34>",7250,95457.6,95421.4,ns,,,,,
"mshift_promoted<34>",7276,94594.1,94559.4,ns,,,,,
"mcomp<34>",8625,78879.4,78839.1,ns,,,,,
"mcomp_promoted<34>",8473,81953.6,81921.8,ns,,,,,
"new_algo<34>",6120,110737,110694,ns,,,,,
"built_in<35>",8533,80886.2,80857.1,ns,,,,,
"built_in_distance<35>",8641,79917.2,79884.7,ns,,,,,
"mshift<35>",7090,95530.4,95492.7,ns,,,,,
"mshift_promoted<35>",7186,94978.6,94942.5,ns,,,,,
"mcomp<35>",8531,81995.5,81966.1,ns,,,,,
"mcomp_promoted<35>",9061,77070.6,77041.9,ns,,,,,
"new_algo<35>",6159,110510,110455,ns,,,,,
"built_in<36>",8956,74532.5,74501.8,ns,,,,,
"built_in_distance<36>",9053,75131.9,75101.1,ns,,,,,
"mshift<36>",7150,94624.6,94590.6,ns,,,,,
"mshift_promoted<36>",7221,95151.1,95114.1,ns,,,,,
"mcomp<36>",8812,76327,76295.1,ns,,,,,
"mcomp_promoted<36>",8677,81376.1,81344.1,ns,,,,,
"new_algo<36>",6091,111019,110981,ns,,,,,
"built_in<37>",6372,107972,107931,ns,,,,,
"built_in_distance<37>",9502,73298.5,73260.1,ns,,,,,
"mshift<37>",7080,95541.5,95500,ns,,,,,
"mshift_promoted<37>",7163,94295.8,94259.6,ns,,,,,
"mcomp<37>",8499,82644.8,82614.1,ns,,,,,
"mcomp_promoted<37>",8862,76931.2,76900.6,ns,,,,,
"new_algo<37>",6114,110857,110814,ns,,,,,
"built_in<38>",8535,79319.4,79285.7,ns,,,,,
"built_in_distance<38>",8592,80349.4,80320.6,ns,,,,,
"mshift<38>",7133,95234.5,95196.5,ns,,,,,
"mshift_promoted<38>",7088,94612.8,94577.2,ns,,,,,
"mcomp<38>",8907,78657.9,78625.6,ns,,,,,
"mcomp_promoted<38>",8302,81831.1,81801,ns,,,,,
"new_algo<38>",6052,113069,113027,ns,,,,,
"built_in<39>",6809,101974,101933,ns,,,,,
"built_in_distance<39>",6692,101093,101055,ns,,,,,
"mshift<39>",7133,95707.6,95669.2,ns,,,,,
"mshift_promoted<39>",7223,95525.1,95489.4,ns,,,,,
"mcomp<39>",8373,81659.2,81629.7,ns,,,,,
"mcomp_promoted<39>",8860,77206.9,77176.9,ns,,,,,
"new_algo<39>",6046,110851,110807,ns,,,,,
"built_in<40>",9220,75538.3,75508.5,ns,,,,,
"built_in_distance<40>",9051,75253.7,75224.9,ns,,,,,
"mshift<40>",7306,94741.5,94703.2,ns,,,,,
"mshift_promoted<40>",7181,95743.4,95705.7,ns,,,,,
"mcomp<40>",8946,76845.6,76815.5,ns,,,,,
"mcomp_promoted<40>",8481,81366.6,81336.3,ns,,,,,
"new_algo<40>",6092,110823,110783,ns,,,,,
"built_in<41>",9472,72878.3,72848,ns,,,,,
"built_in_distance<41>",9465,72887.8,72860.3,ns,,,,,
"mshift<41>",7165,95689.3,95654.9,ns,,,,,
"mshift_promoted<41>",7218,95059.7,95026.3,ns,,,,,
"mcomp<41>",8691,82433.6,82401.3,ns,,,,,
"mcomp_promoted<41>",8889,76982.7,76951.3,ns,,,,,
"new_algo<41>",6129,111887,111844,ns,,,,,
"built_in<42>",7724,87795.2,87762.9,ns,,,,,
"built_in_distance<42>",7735,87758.2,87723.6,ns,,,,,
"mshift<42>",7163,95201.3,95153.4,ns,,,,,
"mshift_promoted<42>",7242,95057.1,95018.3,ns,,,,,
"mcomp<42>",8933,76244.7,76217,ns,,,,,
"mcomp_promoted<42>",8511,82058.8,82029.1,ns,,,,,
"new_algo<42>",6173,112855,112810,ns,,,,,
"built_in<43>",8299,82523.6,82490.8,ns,,,,,
"built_in_distance<43>",8390,82833.4,82799.4,ns,,,,,
"mshift<43>",7236,95848.1,95813.3,ns,,,,,
"mshift_promoted<43>",5469,130651,130602,ns,,,,,
"mcomp<43>",8463,81511.9,81470.4,ns,,,,,
"mcomp_promoted<43>",8867,76886.6,76856.4,ns,,,,,
"new_algo<43>",6069,111914,111868,ns,,,,,
"built_in<44>",8538,80570.2,80540.5,ns,,,,,
"built_in_distance<44>",8582,79045.4,79014.4,ns,,,,,
"mshift<44>",7300,96079.7,96042.5,ns,,,,,
"mshift_promoted<44>",7198,95093.1,95054.6,ns,,,,,
"mcomp<44>",8920,76120.4,76092.2,ns,,,,,
"mcomp_promoted<44>",8570,82159.7,82129.4,ns,,,,,
"new_algo<44>",6405,112471,112426,ns,,,,,
"built_in<45>",8421,80644.8,80613.4,ns,,,,,
"built_in_distance<45>",8714,79565.1,79534.1,ns,,,,,
"mshift<45>",7073,95009.2,94973.1,ns,,,,,
"mshift_promoted<45>",7184,95036.6,94996.8,ns,,,,,
"mcomp<45>",8565,82031.6,81999.6,ns,,,,,
"mcomp_promoted<45>",8943,77181.2,77151.2,ns,,,,,
"new_algo<45>",6299,111521,111478,ns,,,,,
"built_in<46>",9165,76369.9,76341.4,ns,,,,,
"built_in_distance<46>",9120,75994,75963.7,ns,,,,,
"mshift<46>",7095,94826.1,94787.2,ns,,,,,
"mshift_promoted<46>",7236,95123.7,95086.6,ns,,,,,
"mcomp<46>",8847,76384.1,76357.3,ns,,,,,
"mcomp_promoted<46>",8215,82033.3,81999.6,ns,,,,,
"new_algo<46>",6200,111298,111254,ns,,,,,
"built_in<47>",6785,101917,101876,ns,,,,,
"built_in_distance<47>",6783,101715,101675,ns,,,,,
"mshift<47>",7362,95281.6,95248,ns,,,,,
"mshift_promoted<47>",7315,95114.4,95063,ns,,,,,
"mcomp<47>",8254,82099.9,82067.4,ns,,,,,
"mcomp_promoted<47>",8823,76960.7,76930.6,ns,,,,,
"new_algo<47>",6259,111086,111044,ns,,,,,
"built_in<48>",9081,75506.3,75479,ns,,,,,
"built_in_distance<48>",9267,74841.4,74809.5,ns,,,,,
"mshift<48>",7222,95667.7,95630,ns,,,,,
"mshift_promoted<48>",7157,94882.3,94844,ns,,,,,
"mcomp<48>",8753,78184.1,78156.9,ns,,,,,
"mcomp_promoted<48>",8453,82104.9,82063.6,ns,,,,,
"new_algo<48>",6154,110804,110758,ns,,,,,
"built_in<49>",6778,101549,101510,ns,,,,,
"built_in_distance<49>",6903,101761,101723,ns,,,,,
"mshift<49>",7206,95168.3,95134.4,ns,,,,,
"mshift_promoted<49>",7055,95752.8,95715.6,ns,,,,,
"mcomp<49>",8516,81543.2,81509.6,ns,,,,,
"mcomp_promoted<49>",8770,76727.9,76698.6,ns,,,,,
"new_algo<49>",6723,101390,101355,ns,,,,,
"built_in<50>",8157,86367.3,86323.7,ns,,,,,
"built_in_distance<50>",7929,86299.4,86265.4,ns,,,,,
"mshift<50>",7080,95530.9,95492.8,ns,,,,,
"mshift_promoted<50>",7105,95281.8,95248.1,ns,,,,,
"mcomp<50>",8666,77225.3,77198.2,ns,,,,,
"mcomp_promoted<50>",8419,80894.5,80863.7,ns,,,,,
"new_algo<50>",6306,112278,112233,ns,,,,,
"built_in<51>",8387,81261.1,81228.2,ns,,,,,
"built_in_distance<51>",8567,81181.2,81150.3,ns,,,,,
"mshift<51>",7221,94961.1,94914.8,ns,,,,,
"mshift_promoted<51>",7181,94651.9,94615.6,ns,,,,,
"mcomp<51>",8246,82947.6,82915.1,ns,,,,,
"mcomp_promoted<51>",8721,76229.1,76202.1,ns,,,,,
"new_algo<51>",6619,105048,105008,ns,,,,,
"built_in<52>",8551,79540.5,79510.2,ns,,,,,
"built_in_distance<52>",8541,79956.5,79925.3,ns,,,,,
"mshift<52>",7092,95085.4,95048.5,ns,,,,,
"mshift_promoted<52>",7161,96070.4,96036,ns,,,,,
"mcomp<52>",9156,76323.6,76284.7,ns,,,,,
"mcomp_promoted<52>",8611,81799.5,81767.1,ns,,,,,
"new_algo<52>",6061,110915,110870,ns,,,,,
"built_in<53>",7150,97846.7,97812.1,ns,,,,,
"built_in_distance<53>",7144,97710.6,97675.6,ns,,,,,
"mshift<53>",7359,95840.1,95801.4,ns,,,,,
"mshift_promoted<53>",7178,94556.8,94521.3,ns,,,,,
"mcomp<53>",8215,81881.2,81848.7,ns,,,,,
"mcomp_promoted<53>",9054,76177.4,76149.7,ns,,,,,
"new_algo<53>",6287,110675,110632,ns,,,,,
"built_in<54>",8557,79116,79084.7,ns,,,,,
"built_in_distance<54>",8853,78779.4,78749.7,ns,,,,,
"mshift<54>",7305,94418.5,94385.5,ns,,,,,
"mshift_promoted<54>",7396,95627.3,95594,ns,,,,,
"mcomp<54>",9151,76763.6,76733.2,ns,,,,,
"mcomp_promoted<54>",8311,82010.7,81977.3,ns,,,,,
"new_algo<54>",6040,112089,112046,ns,,,,,
"built_in<55>",6970,97406.1,97371.2,ns,,,,,
"built_in_distance<55>",6876,98651.9,98602.3,ns,,,,,
"mshift<55>",7156,94973.9,94936.6,ns,,,,,
"mshift_promoted<55>",7405,94522.6,94485.5,ns,,,,,
"mcomp<55>",8265,81695,81664.1,ns,,,,,
"mcomp_promoted<55>",9059,76830.6,76802.5,ns,,,,,
"new_algo<55>",6202,111985,111942,ns,,,,,
"built_in<56>",8421,81089.4,81057.7,ns,,,,,
"built_in_distance<56>",8361,82054.6,82021.4,ns,,,,,
"mshift<56>",7429,95890.5,95855.4,ns,,,,,
"mshift_promoted<56>",7148,94669.4,94634.4,ns,,,,,
"mcomp<56>",9019,77452.2,77420.5,ns,,,,,
"mcomp_promoted<56>",8371,81249.7,81219.5,ns,,,,,
"new_algo<56>",6050,112433,112387,ns,,,,,
"built_in<57>",8671,79222.4,79192.7,ns,,,,,
"built_in_distance<57>",8622,77671.5,77641.4,ns,,,,,
"mshift<57>",7096,96123.5,96085.6,ns,,,,,
"mshift_promoted<57>",7133,95449,95411.3,ns,,,,,
"mcomp<57>",8193,81127.1,81097.1,ns,,,,,
"mcomp_promoted<57>",8673,77365.8,77334.8,ns,,,,,
"new_algo<57>",6160,110628,110586,ns,,,,,
"built_in<58>",9347,74280,74251.6,ns,,,,,
"built_in_distance<58>",9183,75706.2,75679.5,ns,,,,,
"mshift<58>",7192,95307.8,95270.2,ns,,,,,
"mshift_promoted<58>",7316,94687.1,94649.6,ns,,,,,
"mcomp<58>",9023,77539.2,77509.4,ns,,,,,
"mcomp_promoted<58>",8396,81038.5,81007.9,ns,,,,,
"new_algo<58>",6094,110594,110555,ns,,,,,
"built_in<59>",9484,69930.1,69894.3,ns,,,,,
"built_in_distance<59>",9645,70284.4,70257.4,ns,,,,,
"mshift<59>",7251,95120.2,95080.7,ns,,,,,
"mshift_promoted<59>",7155,95695,95661.1,ns,,,,,
"mcomp<59>",8370,81831.4,81797.4,ns,,,,,
"mcomp_promoted<59>",8856,76620.4,76590.2,ns,,,,,
"new_algo<59>",6205,111618,111574,ns,,,,,
"built_in<60>",8470,80015.3,79988,ns,,,,,
"built_in_distance<60>",8350,81717.3,81688.6,ns,,,,,
"mshift<60>",7125,94399.4,94361,ns,,,,,
"mshift_promoted<60>",7098,93925.5,93888.3,ns,,,,,
"mcomp<60>",8927,77004.1,76974.1,ns,,,,,
"mcomp_promoted<60>",8614,81703.5,81675.4,ns,,,,,
"new_algo<60>",6093,113191,113146,ns,,,,,
"built_in<61>",6832,101012,100973,ns,,,,,
"built_in_distance<61>",6735,100871,100830,ns,,,,,
"mshift<61>",7164,95554.9,95516.8,ns,,,,,
"mshift_promoted<61>",7348,95973,95938.6,ns,,,,,
"mcomp<61>",8322,81193.2,81152.2,ns,,,,,
"mcomp_promoted<61>",8767,77117.6,77087.9,ns,,,,,
"new_algo<61>",6119,110139,110097,ns,,,,,
"built_in<62>",7520,91209.7,91176,ns,,,,,
"built_in_distance<62>",7542,89970.7,89935.4,ns,,,,,
"mshift<62>",7373,95642.5,95602.8,ns,,,,,
"mshift_promoted<62>",7302,94762.1,94725.7,ns,,,,,
"mcomp<62>",8919,76667.6,76637.7,ns,,,,,
"mcomp_promoted<62>",8526,80807.4,80777.5,ns,,,,,
"new_algo<62>",6089,112122,112067,ns,,,,,
"built_in<63>",7183,96434.5,96395.6,ns,,,,,
"built_in_distance<63>",7001,96212.5,96175.7,ns,,,,,
"mshift<63>",7145,95449.6,95415.4,ns,,,,,
"mshift_promoted<63>",7340,94625.1,94591.1,ns,,,,,
"mcomp<63>",8476,81650.4,81618.7,ns,,,,,
"mcomp_promoted<63>",8836,76286.4,76257.1,ns,,,,,
"new_algo<63>",6083,111333,111289,ns,,,,,
"built_in<64>",16899,40903.2,40886.9,ns,,,,,
"built_in_distance<64>",16921,41105.8,41089.4,ns,,,,,
"mshift<64>",9852,70715.9,70688.7,ns,,,,,
"mshift_promoted<64>",9533,71878.1,71852.1,ns,,,,,
"mcomp<64>",9595,71631.5,71604.2,ns,,,,,
"mcomp_promoted<64>",9397,72076.3,72045.6,ns,,,,,
"built_in<65>",8581,79157.8,79127,ns,,,,,
"built_in_distance<65>",8580,79619.4,79591.1,ns,,,,,
"mshift<65>",7407,94486.3,94450.3,ns,,,,,
"mshift_promoted<65>",7444,94600.4,94564.6,ns,,,,,
"mcomp<65>",8458,82188,82154.3,ns,,,,,
"mcomp_promoted<65>",8901,77411.1,77380.6,ns,,,,,
"new_algo<65>",6109,111098,111057,ns,,,,,
"built_in<66>",8512,80704.8,80675,ns,,,,,
"built_in_distance<66>",8259,81178.5,81147.2,ns,,,,,
"mshift<66>",7327,95717.2,95677.7,ns,,,,,
"mshift_promoted<66>",7207,94711.6,94677.8,ns,,,,,
"mcomp<66>",9031,77149.9,77119.9,ns,,,,,
"mcomp_promoted<66>",8413,80796,80755.3,ns,,,,,
"new_algo<66>",6113,110692,110649,ns,,,,,
"built_in<67>",8545,79812.3,79782.7,ns,,,,,
"built_in_distance<67>",8473,81048,81019.4,ns,,,,,
"mshift<67>",7251,95107.4,95070.6,ns,,,,,
"mshift_promoted<67>",7274,94285.9,94250.6,ns,,,,,
"mcomp<67>",8328,82024.8,81990.1,ns,,,,,
"mcomp_promoted<67>",8566,79751.4,79721.3,ns,,,,,
"built_in<68>",8646,79513.9,79481.3,ns,,,,,
"built_in_distance<68>",8743,79765.3,79725.6,ns,,,,,
"mshift<68>",7085,95082.1,95044.9,ns,,,,,
"mshift_promoted<68>",7294,94520,94486.2,ns,,,,,
"mcomp<68>",8828,76958.4,76929.4,ns,,,,,
"mcomp_promoted<68>",8454,82267.9,82232.8,ns,,,,,
"new_algo<68>",6055,111756,111713,ns,,,,,
"built_in<69>",8772,79889.4,79858.1,ns,,,,,
"built_in_distance<69>",8658,79447.7,79419.4,ns,,,,,
"mshift<69>",7102,95810.4,95772.2,ns,,,,,
"mshift_promoted<69>",7424,95204.1,95155.9,ns,,,,,
"mcomp<69>",8360,81902.1,81870.2,ns,,,,,
"mcomp_promoted<69>",9102,77562.8,77533.8,ns,,,,,
"new_algo<69>",6327,113283,113242,ns,,,,,
"built_in<70>",9467,70440.5,70413.5,ns,,,,,
"built_in_distance<70>",9914,70256.2,70228.6,ns,,,,,
"mshift<70>",7125,94728.6,94692.7,ns,,,,,
"mshift_promoted<70>",7334,95969.5,95934.7,ns,,,,,
"mcomp<70>",9128,76176.6,76146.6,ns,,,,,
"mcomp_promoted<70>",8568,81558.1,81518.2,ns,,,,,
"new_algo<70>",6269,111260,111216,ns,,,,,
"built_in<71>",6659,100969,100931,ns,,,,,
"built_in_distance<71>",6886,101904,101867,ns,,,,,
"mshift<71>",7432,95106.5,95069.8,ns,,,,,
"mshift_promoted<71>",7119,95095.5,95058.5,ns,,,,,
"mcomp<71>",8544,81479.3,81447,ns,,,,,
"mcomp_promoted<71>",8964,76601.9,76574.5,ns,,,,,
"new_algo<71>",6295,110810,110770,ns,,,,,
"built_in<72>",9309,74555.7,74519,ns,,,,,
"built_in_distance<72>",8916,74153.8,74125.2,ns,,,,,
"mshift<72>",7078,94548,94510.8,ns,,,,,
"mshift_promoted<72>",7264,95315.4,95279.4,ns,,,,,
"mcomp<72>",8620,78042.6,78011.8,ns,,,,,
"mcomp_promoted<72>",8567,81606.6,81575.5,ns,,,,,
"new_algo<72>",6280,112018,111975,ns,,,,,
"built_in<73>",9157,73171.4,73143.5,ns,,,,,
"built_in_distance<73>",9301,72970.1,72941.3,ns,,,,,
"mshift<73>",7095,94944.5,94896,ns,,,,,
"mshift_promoted<73>",7126,94914.3,94876.5,ns,,,,,
"mcomp<73>",8439,81389.1,81360.5,ns,,,,,
"mcomp_promoted<73>",8895,77417,77387.4,ns,,,,,
"new_algo<73>",6835,101751,101711,ns,,,,,
"built_in<74>",8709,79580.7,79549.4,ns,,,,,
"built_in_distance<74>",8538,79717.8,79686,ns,,,,,
"mshift<74>",7218,96049.9,96014.8,ns,,,,,
"mshift_promoted<74>",7457,95616.2,95576.7,ns,,,,,
"mcomp<74>",8985,76811.6,76780.6,ns,,,,,
"mcomp_promoted<74>",8287,81898.5,81864.8,ns,,,,,
"new_algo<74>",6122,110552,110513,ns,,,,,
"built_in<75>",8445,79949.4,79922.1,ns,,,,,
"built_in_distance<75>",8523,80695.9,80661.7,ns,,,,,
"mshift<75>",7113,94647.6,94609.5,ns,,,,,
"mshift_promoted<75>",7164,95400.4,95363.9,ns,,,,,
"mcomp<75>",8364,81496,81467.7,ns,,,,,
"mcomp_promoted<75>",8791,77758.1,77727.9,ns,,,,,
"new_algo<75>",6257,112348,112289,ns,,,,,
"built_in<76>",8476,79972.9,79942.1,ns,,,,,
"built_in_distance<76>",8611,80131.6,80101.5,ns,,,,,
"mshift<76>",7087,95630.4,95595.1,ns,,,,,
"mshift_promoted<76>",7181,95380.4,95343.4,ns,,,,,
"mcomp<76>",8823,78178.4,78146.8,ns,,,,,
"mcomp_promoted<76>",8282,81774,81742.4,ns,,,,,
"new_algo<76>",6090,112150,112110,ns,,,,,
"built_in<77>",8589,83144.6,83110.7,ns,,,,,
"built_in_distance<77>",8444,81935.5,81901.5,ns,,,,,
"mshift<77>",7300,94536.4,94498.5,ns,,,,,
"mshift_promoted<77>",7267,95111.8,95077.5,ns,,,,,
"mcomp<77>",8304,81529.9,81501.5,ns,,,,,
"mcomp_promoted<77>",8683,76908.9,76878.4,ns,,,,,
"new_algo<77>",6125,110951,110907,ns,,,,,
"built_in<78>",9021,74027.5,73997.1,ns,,,,,
"built_in_distance<78>",8934,74189.8,74162,ns,,,,,
"mshift<78>",7171,95163.1,95126.8,ns,,,,,
"mshift_promoted<78>",7393,95296.8,95249.2,ns,,,,,
"mcomp<78>",9030,76951.7,76921.3,ns,,,,,
"mcomp_promoted<78>",8573,81520.3,81491,ns,,,,,
"new_algo<78>",6213,111425,111383,ns,,,,,
"built_in<79>",8539,80349.7,80317.7,ns,,,,,
"built_in_distance<79>",8644,80214.9,80183,ns,,,,,
"mshift<79>",7253,95548.3,95511.8,ns,,,,,
"mshift_promoted<79>",7107,94431.4,94398.1,ns,,,,,
"mcomp<79>",8278,81713,81680.7,ns,,,,,
"mcomp_promoted<79>",9013,76403.4,76364.9,ns,,,,,
"new_algo<79>",6143,110942,110896,ns,,,,,
"built_in<80>",9287,74917.5,74890.9,ns,,,,,
"built_in_distance<80>",9189,74402.7,74371.8,ns,,,,,
"mshift<80>",7164,95614.5,95574.9,ns,,,,,
"mshift_promoted<80>",7120,96777.7,96737.4,ns,,,,,
"mcomp<80>",8917,77231.3,77203.9,ns,,,,,
"mcomp_promoted<80>",8495,81728.9,81700,ns,,,,,
"new_algo<80>",6324,111120,111074,ns,,,,,
"built_in<81>",7442,91040.6,91002.2,ns,,,,,
"built_in_distance<81>",7414,91886.7,91850.1,ns,,,,,
"mshift<81>",7185,95213.7,95178.6,ns,,,,,
"mshift_promoted<81>",7121,94821.9,94788.3,ns,,,,,
"mcomp<81>",8508,81730.1,81698.9,ns,,,,,
"mcomp_promoted<81>",8776,78019.1,77984.9,ns,,,,,
"new_algo<81>",6265,111947,111902,ns,,,,,
"built_in<82>",8791,78932.9,78905.2,ns,,,,,
"built_in_distance<82>",8462,79994.6,79962.8,ns,,,,,
"mshift<82>",7177,95348.7,95302.9,ns,,,,,
"mshift_promoted<82>",7163,95493.9,95455.2,ns,,,,,
"mcomp<82>",8695,77861.8,77834.4,ns,,,,,
"mcomp_promoted<82>",8315,81068.2,81036.4,ns,,,,,
"new_algo<82>",6144,111461,111418,ns,,,,,
"built_in<83>",8476,82356.3,82323.9,ns,,,,,
"built_in_distance<83>",8196,82451.1,82419.5,ns,,,,,
"mshift<83>",7244,95285.8,95251.8,ns,,,,,
"mshift_promoted<83>",7096,95155.1,95117.6,ns,,,,,
"mcomp<83>",8432,81784.4,81750.8,ns,,,,,
"mcomp_promoted<83>",8761,78074.9,78043.9,ns,,,,,
"built_in<84>",7760,86762.7,86729.9,ns,,,,,
"built_in_distance<84>",7696,88410.2,88374.7,ns,,,,,
"mshift<84>",7161,96237.6,96199.1,ns,,,,,
"mshift_promoted<84>",7216,95128.8,95092,ns,,,,,
"mcomp<84>",8769,76932,76904.8,ns,,,,,
"mcomp_promoted<84>",8356,81065.7,81035.1,ns,,,,,
"new_algo<84>",6114,110639,110597,ns,,,,,
"built_in<85>",8407,81115.5,81083.4,ns,,,,,
"built_in_distance<85>",8684,80780,80749.1,ns,,,,,
"mshift<85>",7345,96423.4,96388.6,ns,,,,,
"mshift_promoted<85>",7245,95047.8,95010.4,ns,,,,,
"mcomp<85>",8305,81713.3,81680.7,ns,,,,,
"mcomp_promoted<85>",8964,76849.1,76819.2,ns,,,,,
"new_algo<85>",6742,102058,102021,ns,,,,,
"built_in<86>",9836,70486,70460.5,ns,,,,,
"built_in_distance<86>",9611,69802.7,69775.9,ns,,,,,
"mshift<86>",7126,95352.7,95304.2,ns,,,,,
"mshift_promoted<86>",7219,94316.5,94281.4,ns,,,,,
"mcomp<86>",8462,79744.9,79714,ns,,,,,
"mcomp_promoted<86>",8658,81049.2,81018.2,ns,,,,,
"new_algo<86>",6176,111044,111000,ns,,,,,
"built_in<87>",9883,70962.3,70933.8,ns,,,,,
"built_in_distance<87>",9770,70007.1,69982.8,ns,,,,,
"mshift<87>",7292,94886.6,94849.1,ns,,,,,
"mshift_promoted<87>",7113,95392.4,95354.3,ns,,,,,
"mcomp<87>",8355,81940.9,81899.9,ns,,,,,
"mcomp_promoted<87>",8948,77338.3,77308.9,ns,,,,,
"new_algo<87>",6107,111388,111349,ns,,,,,
"built_in<88>",8558,78837.7,78805.9,ns,,,,,
"built_in_distance<88>",8733,80102.1,80070.4,ns,,,,,
"mshift<88>",7177,94878.3,94841.7,ns,,,,,
"mshift_promoted<88>",7284,95037.8,95001,ns,,,,,
"mcomp<88>",8810,78054.1,78022.9,ns,,,,,
"mcomp_promoted<88>",8331,81311.7,81279.6,ns,,,,,
"new_algo<88>",6120,112686,112630,ns,,,,,
"built_in<89>",6985,97793.2,97756.2,ns,,,,,
"built_in_distance<89>",6989,98574.2,98537,ns,,,,,
"mshift<89>",7188,95996.7,95959.3,ns,,,,,
"mshift_promoted<89>",7312,95231.3,95193.3,ns,,,,,
"mcomp<89>",8391,81599.7,81567.5,ns,,,,,
"mcomp_promoted<89>",8812,77426,77399.1,ns,,,,,
"new_algo<89>",6218,111827,111784,ns,,,,,
"built_in<90>",9769,70208.5,70180.8,ns,,,,,
"built_in_distance<90>",9610,69837.9,69803.3,ns,,,,,
"mshift<90>",7123,95039.6,95003.3,ns,,,,,
"mshift_promoted<90>",7350,96612.8,96577.4,ns,,,,,
"mcomp<90>",8651,77060.2,77028.5,ns,,,,,
"mcomp_promoted<90>",8399,81281,81248.4,ns,,,,,
"new_algo<90>",6094,112268,112224,ns,,,,,
"built_in<91>",7715,92657.7,92624.6,ns,,,,,
"built_in_distance<91>",7635,91732.5,91698.3,ns,,,,,
"mshift<91>",7247,96678.2,96637.3,ns,,,,,
"mshift_promoted<91>",7130,94905.5,94857,ns,,,,,
"mcomp<91>",8359,82133.4,82101.1,ns,,,,,
"mcomp_promoted<91>",8810,77746.7,77719,ns,,,,,
"new_algo<91>",6176,111029,110984,ns,,,,,
"built_in<92>",9139,75278.4,75247.6,ns,,,,,
"built_in_distance<92>",9180,74566.2,74536.1,ns,,,,,
"mshift<92>",7121,94727.3,94694.2,ns,,,,,
"mshift_promoted<92>",7137,94958.3,94924.7,ns,,,,,
"mcomp<92>",8855,76845.9,76816.3,ns,,,,,
"mcomp_promoted<92>",8476,80868.6,80835.5,ns,,,,,
"new_algo<92>",6274,110592,110550,ns,,,,,
"built_in<93>",6672,102581,102544,ns,,,,,
"built_in_distance<93>",6754,101027,100987,ns,,,,,
"mshift<93>",7089,95538,95500.7,ns,,,,,
"mshift_promoted<93>",7150,94689.5,94651,ns,,,,,
"mcomp<93>",8409,80991.8,80963.5,ns,,,,,
"mcomp_promoted<93>",9189,76202.3,76172.4,ns,,,,,
"new_algo<93>",6336,110908,110865,ns,,,,,
"built_in<94>",9071,76260.9,76221.7,ns,,,,,
"built_in_distance<94>",9050,75397.4,75366.6,ns,,,,,
"mshift<94>",7181,94554.5,94520.7,ns,,,,,
"mshift_promoted<94>",7184,94589.1,94551.7,ns,,,,,
"mcomp<94>",8864,76570.8,76541.1,ns,,,,,
"mcomp_promoted<94>",8235,81356.6,81324.3,ns,,,,,
"new_algo<94>",6380,110491,110449,ns,,,,,
"built_in<95>",6671,102638,102599,ns,,,,,
"built_in_distance<95>",6893,100256,100217,ns,,,,,
"mshift<95>",7091,94629.2,94591.2,ns,,,,,
"mshift_promoted<95>",7197,95364.2,95326.1,ns,,,,,
"mcomp<95>",8461,80777.5,80748,ns,,,,,
"mcomp_promoted<95>",8761,77942,77910.8,ns,,,,,
"new_algo<95>",6123,110532,110489,ns,,,,,
"built_in<96>",9195,74841.5,74810.7,ns,,,,,
"built_in_distance<96>",9112,75222.9,75196.6,ns,,,,,
"mshift<96>",7242,95920.1,95882.3,ns,,,,,
"mshift_promoted<96>",7294,96021.3,95981.9,ns,,,,,
"mcomp<96>",9232,75839.6,75802.1,ns,,,,,
"mcomp_promoted<96>",8296,83237.9,83203.2,ns,,,,,
"new_algo<96>",6103,111554,111513,ns,,,,,
"built_in<97>",6654,101377,101338,ns,,,,,
"built_in_distance<97>",6743,102964,102922,ns,,,,,
"mshift<97>",7271,94326.3,94290.4,ns,,,,,
"mshift_promoted<97>",7176,97096.4,97059.9,ns,,,,,
"mcomp<97>",8505,81664.2,81635.4,ns,,,,,
"mcomp_promoted<97>",9104,75384.8,75355.4,ns,,,,,
"new_algo<97>",6119,111426,111370,ns,,,,,
"built_in<98>",8986,76081.3,76050.9,ns,,,,,
"built_in_distance<98>",9155,74664.2,74637.2,ns,,,,,
"mshift<98>",7092,94865.2,94828.7,ns,,,,,
"mshift_promoted<98>",7099,96194.4,96157,ns,,,,,
"mcomp<98>",8967,77163.1,77131,ns,,,,,
"mcomp_promoted<98>",8324,81923.9,81893.3,ns,,,,,
"new_algo<98>",6881,99282.8,99246.3,ns,,,,,
"built_in<99>",6765,101686,101646,ns,,,,,
"built_in_distance<99>",6656,101604,101553,ns,,,,,
"mshift<99>",7212,94593.8,94555.6,ns,,,,,
"mshift_promoted<99>",7257,95185.1,95150.5,ns,,,,,
"mcomp<99>",8349,82285.2,82251.7,ns,,,,,
"mcomp_promoted<99>",8708,76770.5,76741.3,ns,,,,,
"new_algo<99>",6210,111270,111225,ns,,,,,
"built_in<100>",7939,85547.4,85514.7,ns,,,,,
"built_in_distance<100>",7858,85902.6,85870.9,ns,,,,,
"mshift<100>",7398,94587,94550,ns,,,,,
"mshift_promoted<100>",7140,95147.4,95098.5,ns,,,,,
"mcomp<100>",8791,77696.8,77665.4,ns,,,,,
"mcomp_promoted<100>",8330,82252.6,82221.6,ns,,,,,
"new_algo<100>",6211,111727,111682,ns,,,,,
"built_in<101>",7048,97945.7,97908.7,ns,,,,,
"built_in_distance<101>",6918,99041.6,99003,ns,,,,,
"mshift<101>",7118,96764,96727.3,ns,,,,,
"mshift_promoted<101>",7105,97288.7,97249.6,ns,,,,,
"mcomp<101>",8565,81071.7,81039.6,ns,,,,,
"mcomp_promoted<101>",9228,76971.4,76932.2,ns,,,,,
"built_in<102>",9433,71021.7,70993.7,ns,,,,,
"built_in_distance<102>",9858,70676.7,70651.1,ns,,,,,
"mshift<102>",7270,95942.8,95903.1,ns,,,,,
"mshift_promoted<102>",7115,94717.8,94679.9,ns,,,,,
"mcomp<102>",8721,77556.8,77527.2,ns,,,,,
"mcomp_promoted<102>",8201,81989.4,81960.7,ns,,,,,
"new_algo<102>",6090,111862,111821,ns,,,,,
"built_in<103>",7630,92552.2,92513.9,ns,,,,,
"built_in_distance<103>",7591,91845.3,91807.1,ns,,,,,
"mshift<103>",7162,95278.9,95239.8,ns,,,,,
"mshift_promoted<103>",7142,95922.4,95887.1,ns,,,,,
"mcomp<103>",8502,81686.5,81654.4,ns,,,,,
"mcomp_promoted<103>",8759,76888.2,76856.1,ns,,,,,
"new_algo<103>",6212,112405,112362,ns,,,,,
"built_in<104>",971,707524,707274,ns,,,,,
"built_in_distance<104>",8614,80910.3,80881.4,ns,,,,,
"mshift<104>",7379,95207.1,95167.8,ns,,,,,
"mshift_promoted<104>",7336,95578.9,95539.3,ns,,,,,
"mcomp<104>",8967,76790.6,76761,ns,,,,,
"mcomp_promoted<104>",8194,81871.9,81842.5,ns,,,,,
"new_algo<104>",6214,111235,111193,ns,,,,,
"built_in<105>",8338,83018.5,82985.1,ns,,,,,
"built_in_distance<105>",8517,81873.1,81841.1,ns,,,,,
"mshift<105>",7083,95619.1,95583.8,ns,,,,,
"mshift_promoted<105>",7120,95275.7,95241.5,ns,,,,,
"mcomp<105>",8501,81834.9,81803.3,ns,,,,,
"mcomp_promoted<105>",8737,76391.6,76362,ns,,,,,
"new_algo<105>",6149,110960,110917,ns,,,,,
"built_in<106>",9027,76862.8,76833.1,ns,,,,,
"built_in_distance<106>",9254,75660,75627.4,ns,,,,,
"mshift<106>",7146,94521.1,94483.7,ns,,,,,
"mshift_promoted<106>",7265,95838.6,95800.5,ns,,,,,
"mcomp<106>",8686,77606,77577.9,ns,,,,,
"mcomp_promoted<106>",8441,82319.7,82288.5,ns,,,,,
"new_algo<106>",6119,112642,112598,ns,,,,,
"built_in<107>",7579,93459,93411.8,ns,,,,,
"built_in_distance<107>",7374,92229.4,92193.1,ns,,,,,
"mshift<107>",7118,95933.7,95899.2,ns,,,,,
"mshift_promoted<107>",7282,94886.1,94848.8,ns,,,,,
"mcomp<107>",8407,81435.7,81403.8,ns,,,,,
"mcomp_promoted<107>",8946,76312.7,76282.8,ns,,,,,
"built_in<108>",8688,78139.7,78112.2,ns,,,,,
"built_in_distance<108>",8854,78839.1,78808.3,ns,,,,,
"mshift<108>",7148,94527.9,94489,ns,,,,,
"mshift_promoted<108>",7122,94865.6,94827.8,ns,,,,,
"mcomp<108>",8618,78894,78863.6,ns,,,,,
"mcomp_promoted<108>",8358,81731.9,81703.1,ns,,,,,
"new_algo<108>",6334,111765,111721,ns,,,,,
"built_in<109>",8470,82006.1,81972.4,ns,,,,,
"built_in_distance<109>",8364,80978.9,80946.1,ns,,,,,
"mshift<109>",7427,94423.3,94390.3,ns,,,,,
"mshift_promoted<109>",7307,95386.6,95352.9,ns,,,,,
"mcomp<109>",8400,82028.6,81996.4,ns,,,,,
"mcomp_promoted<109>",8648,77587.8,77548.4,ns,,,,,
"new_algo<109>",6280,110529,110485,ns,,,,,
"built_in<110>",9219,74784.9,74756.7,ns,,,,,
"built_in_distance<110>",9003,74681.9,74652.9,ns,,,,,
"mshift<110>",7123,94527.6,94491.3,ns,,,,,
"mshift_promoted<110>",7072,94666.9,94628.4,ns,,,,,
"mcomp<110>",8857,78691.7,78661.8,ns,,,,,
"mcomp_promoted<110>",8315,81304.5,81275.6,ns,,,,,
"new_algo<110>",6214,111780,111734,ns,,,,,
"built_in<111>",7415,92305.6,92258.5,ns,,,,,
"built_in_distance<111>",7467,92954.1,92915.5,ns,,,,,
"mshift<111>",7134,94212.8,94179.9,ns,,,,,
"mshift_promoted<111>",7327,95874.4,95836.5,ns,,,,,
"mcomp<111>",8390,81492.1,81459.7,ns,,,,,
"mcomp_promoted<111>",8988,77925.6,77895.9,ns,,,,,
"new_algo<111>",6286,111895,111850,ns,,,,,
"built_in<112>",8403,81096,81067.4,ns,,,,,
"built_in_distance<112>",8361,81292.5,81261.1,ns,,,,,
"mshift<112>",7385,94547.7,94500.7,ns,,,,,
"mshift_promoted<112>",7401,93791.2,93755.9,ns,,,,,
"mcomp<112>",9023,77847.2,77817.4,ns,,,,,
"mcomp_promoted<112>",8460,81311.2,81278.4,ns,,,,,
"new_algo<112>",6137,112122,112078,ns,,,,,
"built_in<113>",9592,70290.7,70263.5,ns,,,,,
"built_in_distance<113>",9395,70568.8,70543.1,ns,,,,,
"mshift<113>",7175,95854.6,95818.8,ns,,,,,
"mshift_promoted<113>",7185,96247.8,96210.1,ns,,,,,
"mcomp<113>",8247,81746.9,81706.2,ns,,,,,
"mcomp_promoted<113>",8905,76293.9,76263.6,ns,,,,,
"new_algo<113>",6253,112567,112524,ns,,,,,
"built_in<114>",9884,69993.2,69966,ns,,,,,
"built_in_distance<114>",9764,70346.4,70319,ns,,,,,
"mshift<114>",7249,93840.1,93803.2,ns,,,,,
"mshift_promoted<114>",7250,95035.7,95001.7,ns,,,,,
"mcomp<114>",8848,76371.4,76344,ns,,,,,
"mcomp_promoted<114>",8161,81830.1,81796.8,ns,,,,,
"new_algo<114>",6187,112255,112198,ns,,,,,
"built_in<115>",7388,93310.8,93273.9,ns,,,,,
"built_in_distance<115>",7398,93090.3,93056.7,ns,,,,,
"mshift<115>",7434,95714,95675.6,ns,,,,,
"mshift_promoted<115>",7246,94599.9,94563,ns,,,,,
"mcomp<115>",8416,82410.5,82376.2,ns,,,,,
"mcomp_promoted<115>",8514,78624.9,78597.1,ns,,,,,
"new_algo<115>",6074,111978,111938,ns,,,,,
"built_in<116>",9148,74323.8,74295.4,ns,,,,,
"built_in_distance<116>",9216,74929.3,74899.8,ns,,,,,
"mshift<116>",7326,95021.2,94983.1,ns,,,,,
"mshift_promoted<116>",7259,94419.8,94385.5,ns,,,,,
"mcomp<116>",8859,77861.1,77829.6,ns,,,,,
"mcomp_promoted<116>",8381,81868.8,81836.7,ns,,,,,
"new_algo<116>",6123,112545,112500,ns,,,,,
"built_in<117>",8315,81913.3,81883.1,ns,,,,,
"built_in_distance<117>",8211,81660.5,81631.7,ns,,,,,
"mshift<117>",7160,96106.2,96067.8,ns,,,,,
"mshift_promoted<117>",7162,95203.8,95156.6,ns,,,,,
"mcomp<117>",8564,81759.5,81728,ns,,,,,
"mcomp_promoted<117>",8792,77827.9,77799.1,ns,,,,,
"new_algo<117>",6185,111106,111063,ns,,,,,
"built_in<118>",9621,70136.6,70110.3,ns,,,,,
"built_in_distance<118>",9790,70474.5,70447.3,ns,,,,,
"mshift<118>",7136,94350.4,94316.8,ns,,,,,
"mshift_promoted<118>",7121,95139,95099.6,ns,,,,,
"mcomp<118>",8718,76343.9,76314.5,ns,,,,,
"mcomp_promoted<118>",8331,81634.5,81602.2,ns,,,,,
"new_algo<118>",6218,112066,112022,ns,,,,,
"built_in<119>",7637,92183.4,92151.3,ns,,,,,
"built_in_distance<119>",7564,92066.2,92028.6,ns,,,,,
"mshift<119>",7168,96100.2,96061,ns,,,,,
"mshift_promoted<119>",7140,94536.1,94499,ns,,,,,
"mcomp<119>",8398,83204.8,83174.2,ns,,,,,
"mcomp_promoted<119>",8702,77723.3,77692.8,ns,,,,,
"new_algo<119>",6264,112696,112649,ns,,,,,
"built_in<120>",8639,80283.1,80242.7,ns,,,,,
"built_in_distance<120>",8584,79828.8,79800.4,ns,,,,,
"mshift<120>",7281,95920.3,95884.3,ns,,,,,
"mshift_promoted<120>",7171,95242,95205.3,ns,,,,,
"mcomp<120>",8927,77578,77546,ns,,,,,
"mcomp_promoted<120>",8565,81550.5,81519.4,ns,,,,,
"new_algo<120>",6227,110164,110125,ns,,,,,
"built_in<121>",6904,101527,101490,ns,,,,,
"built_in_distance<121>",6804,100759,100719,ns,,,,,
"mshift<121>",7398,94745.6,94706.4,ns,,,,,
"mshift_promoted<121>",7119,94805.6,94768.7,ns,,,,,
"mcomp<121>",8475,80933.8,80905.1,ns,,,,,
"mcomp_promoted<121>",8856,78789.5,78758.5,ns,,,,,
"built_in<122>",8946,74906.4,74877.4,ns,,,,,
"built_in_distance<122>",9162,75828.8,75797.1,ns,,,,,
"mshift<122>",7204,95496,95460.4,ns,,,,,
"mshift_promoted<122>",7081,96765.1,96729.6,ns,,,,,
"mcomp<122>",8818,75948.2,75919.4,ns,,,,,
"mcomp_promoted<122>",8402,81635.1,81603.3,ns,,,,,
"new_algo<122>",6081,110861,110816,ns,,,,,
"built_in<123>",7356,92015,91982.5,ns,,,,,
"built_in_distance<123>",7513,92327.9,92290.8,ns,,,,,
"mshift<123>",7118,94479.7,94443.4,ns,,,,,
"mshift_promoted<123>",7339,95330.9,95293.6,ns,,,,,
"mcomp<123>",8278,81443.5,81413.9,ns,,,,,
"mcomp_promoted<123>",8897,77189.2,77158.4,ns,,,,,
"new_algo<123>",6122,111117,111073,ns,,,,,
"built_in<124>",7644,90405.9,90369.9,ns,,,,,
"built_in_distance<124>",7684,92071.6,92034.7,ns,,,,,
"mshift<124>",5370,131486,131439,ns,,,,,
"mshift_promoted<124>",7213,95369.1,95332,ns,,,,,
"mcomp<124>",9063,76842.1,76811.9,ns,,,,,
"mcomp_promoted<124>",8544,81110.3,81079.1,ns,,,,,
"new_algo<124>",6301,112774,112729,ns,,,,,
"built_in<125>",7023,101482,101442,ns,,,,,
"built_in_distance<125>",6858,100746,100707,ns,,,,,
"mshift<125>",7336,96217.8,96167.6,ns,,,,,
"mshift_promoted<125>",7304,94902.7,94865.9,ns,,,,,
"mcomp<125>",8394,81581,81549.1,ns,,,,,
"mcomp_promoted<125>",8878,76716.6,76688.5,ns,,,,,
"built_in<126>",7577,90868.2,90830.5,ns,,,,,
"built_in_distance<126>",7574,90674.9,90639,ns,,,,,
"mshift<126>",7094,95260.8,95224.1,ns,,,,,
"mshift_promoted<126>",7149,95027.6,94991.6,ns,,,,,
"mcomp<126>",8966,76573.8,76542.9,ns,,,,,
"mcomp_promoted<126>",8198,81812.6,81770.5,ns,,,,,
"new_algo<126>",6105,111902,111859,ns,,,,,
"built_in<127>",6971,96724.7,96688.3,ns,,,,,
"built_in_distance<127>",6998,98736,98700.2,ns,,,,,
"mshift<127>",7461,95582.6,95544.8,ns,,,,,
"mshift_promoted<127>",7134,95178.8,95140.4,ns,,,,,
"mcomp<127>",8325,82053.5,82019.6,ns,,,,,
"mcomp_promoted<127>",8921,77855.5,77827.4,ns,,,,,
"new_algo<127>",7032,98211,98170.8,ns,,,,,
"built_in<128>",13826,50450.5,50429.9,ns,,,,,
"built_in_distance<128>",13497,50815.1,50794.3,ns,,,,,
"mshift<128>",9458,71796,71770.1,ns,,,,,
"mshift_promoted<128>",9870,71126.3,71098.4,ns,,,,,
"mcomp<128>",9302,71244.9,71217.5,ns,,,,,
"mcomp_promoted<128>",9629,70888.9,70861,ns,,,,,
"built_in<129>",9013,76259.5,76230,ns,,,,,
"built_in_distance<129>",8918,75772.3,75744.9,ns,,,,,
"mshift<129>",7149,95194.4,95157.6,ns,,,,,
"mshift_promoted<129>",7073,96700.5,96662.5,ns,,,,,
"mcomp<129>",8527,81734.1,81701.7,ns,,,,,
"mcomp_promoted<129>",8828,79286.9,79256.9,ns,,,,,
"new_algo<129>",6321,112130,112086,ns,,,,,
"built_in<130>",8814,79620,79587.6,ns,,,,,
"built_in_distance<130>",8856,78978.1,78946.4,ns,,,,,
"mshift<130>",7167,95196.4,95162.8,ns,,,,,
"mshift_promoted<130>",7127,95058.6,95023.3,ns,,,,,
"mcomp<130>",8890,77608.6,77578.4,ns,,,,,
"mcomp_promoted<130>",8330,81307.8,81267.5,ns,,,,,
"new_algo<130>",6309,111762,111717,ns,,,,,
"built_in<131>",8449,79357.4,79329.7,ns,,,,,
"built_in_distance<131>",8515,79932.9,79899.7,ns,,,,,
"mshift<131>",7288,95578.3,95541.9,ns,,,,,
"mshift_promoted<131>",7152,95637.1,95599.8,ns,,,,,
"mcomp<131>",8256,81488.9,81459.8,ns,,,,,
"mcomp_promoted<131>",8774,77162.8,77134.9,ns,,,,,
"built_in<132>",8297,81608.5,81574.3,ns,,,,,
"built_in_distance<132>",8328,81600,81558.7,ns,,,,,
"mshift<132>",7125,96029.8,95994.7,ns,,,,,
"mshift_promoted<132>",7420,94632.9,94600,ns,,,,,
"mcomp<132>",8958,77510.6,77480.9,ns,,,,,
"mcomp_promoted<132>",8490,81193.6,81161,ns,,,,,
"new_algo<132>",6195,111426,111382,ns,,,,,
"built_in<133>",8783,80398.2,80369.3,ns,,,,,
"built_in_distance<133>",8633,80238.5,80210,ns,,,,,
"mshift<133>",7272,95615.4,95577.1,ns,,,,,
"mshift_promoted<133>",7222,96011.3,95961.4,ns,,,,,
"mcomp<133>",8349,81337.4,81306,ns,,,,,
"mcomp_promoted<133>",8727,76258.3,76230.9,ns,,,,,
"new_algo<133>",6129,110022,109978,ns,,,,,
"built_in<134>",9672,70612.4,70584.5,ns,,,,,
"built_in_distance<134>",9660,70426.1,70398,ns,,,,,
"mshift<134>",7105,95998.1,95963.3,ns,,,,,
"mshift_promoted<134>",7335,95926.9,95888.8,ns,,,,,
"mcomp<134>",8656,76858.6,76828.7,ns,,,,,
"mcomp_promoted<134>",8732,80915.8,80883.2,ns,,,,,
"built_in<135>",8402,80769.2,80739.4,ns,,,,,
"built_in_distance<135>",8319,79926.4,79894.2,ns,,,,,
"mshift<135>",7119,95403.2,95366.6,ns,,,,,
"mshift_promoted<135>",7141,95511.1,95474,ns,,,,,
"mcomp<135>",8419,81910.9,81878.6,ns,,,,,
"mcomp_promoted<135>",8843,78441.7,78412.5,ns,,,,,
"new_algo<135>",6063,111979,111932,ns,,,,,
"built_in<136>",8672,79739.7,79708.7,ns,,,,,
"built_in_distance<136>",8557,80872.4,80838.4,ns,,,,,
"mshift<136>",7448,96290.9,96256.1,ns,,,,,
"mshift_promoted<136>",7160,96812.9,96777,ns,,,,,
"mcomp<136>",8806,77879.6,77846.9,ns,,,,,
"mcomp_promoted<136>",8453,82183.1,82150.5,ns,,,,,
"new_algo<136>",6398,110904,110859,ns,,,,,
"built_in<137>",6841,102442,102403,ns,,,,,
"built_in_distance<137>",6687,102771,102732,ns,,,,,
"mshift<137>",7168,94772.7,94733.8,ns,,,,,
"mshift_promoted<137>",7103,96465.7,96426.8,ns,,,,,
"mcomp<137>",8678,81566.4,81533,ns,,,,,
"mcomp_promoted<137>",9087,76399.8,76370.8,ns,,,,,
"built_in<138>",9770,70777,70748.8,ns,,,,,
"built_in_distance<138>",9588,70121.9,70093.4,ns,,,,,
"mshift<138>",7101,95974,95936.3,ns,,,,,
"mshift_promoted<138>",7202,94904.1,94870.3,ns,,,,,
"mcomp<138>",8656,77657.5,77627.3,ns,,,,,
"mcomp_promoted<138>",8289,82672.1,82638.8,ns,,,,,
"new_algo<138>",6222,110215,110160,ns,,,,,
"built_in<139>",9477,71068.8,71043.1,ns,,,,,
"built_in_distance<139>",9545,70206.6,70181.1,ns,,,,,
"mshift<139>",7098,96049.2,96010.9,ns,,,,,
"mshift_promoted<139>",7432,94701.6,94665.4,ns,,,,,
"mcomp<139>",8421,81277.6,81244.9,ns,,,,,
"mcomp_promoted<139>",8889,76956.6,76928.5,ns,,,,,
"built_in<140>",9700,71045.9,71017.3,ns,,,,,
"built_in_distance<140>",9663,70591.4,70564.1,ns,,,,,
"mshift<140>",7235,94923,94875.7,ns,,,,,
"mshift_promoted<140>",7172,95639.5,95603.4,ns,,,,,
"mcomp<140>",9145,77278.9,77249.1,ns,,,,,
"mcomp_promoted<140>",8594,81630.1,81597,ns,,,,,
"new_algo<140>",6098,110900,110857,ns,,,,,
"built_in<141>",9566,70657,70631.8,ns,,,,,
"built_in_distance<141>",9658,71834,71806,ns,,,,,
"mshift<141>",7077,95197.3,95160.1,ns,,,,,
"mshift_promoted<141>",7469,94096.3,94059.7,ns,,,,,
"mcomp<141>",8417,80470.2,80438.8,ns,,,,,
"mcomp_promoted<141>",8925,78460.8,78431,ns,,,,,
"new_algo<141>",6131,111250,111206,ns,,,,,
"built_in<142>",9228,75677.8,75648.3,ns,,,,,
"built_in_distance<142>",9050,74957.9,74929.1,ns,,,,,
"mshift<142>",7275,94418.2,94384.5,ns,,,,,
"mshift_promoted<142>",7416,94971.9,94936.9,ns,,,,,
"mcomp<142>",8603,77765.6,77734,ns,,,,,
"mcomp_promoted<142>",8580,81724.3,81690.6,ns,,,,,
"new_algo<142>",6244,111923,111869,ns,,,,,
"built_in<143>",8552,79903.1,79874.8,ns,,,,,
"built_in_distance<143>",8328,79790.9,79759.8,ns,,,,,
"mshift<143>",7435,95218.4,95181.6,ns,,,,,
"mshift_promoted<143>",7462,96290.4,96251.4,ns,,,,,
"mcomp<143>",8298,81447.7,81417.9,ns,,,,,
"mcomp_promoted<143>",8840,76452.4,76425,ns,,,,,
"new_algo<143>",6104,111424,111380,ns,,,,,
"built_in<144>",9055,75418,75388.8,ns,,,,,
"built_in_distance<144>",8902,75199.8,75159.4,ns,,,,,
"mshift<144>",7162,94421.2,94387.9,ns,,,,,
"mshift_promoted<144>",7352,95599.5,95560.6,ns,,,,,
"mcomp<144>",9097,77262.9,77231,ns,,,,,
"mcomp_promoted<144>",8289,81813.6,81780.9,ns,,,,,
"new_algo<144>",6035,110882,110841,ns,,,,,
"built_in<145>",8650,80482.4,80453.4,ns,,,,,
"built_in_distance<145>",8608,79439.1,79406.9,ns,,,,,
"mshift<145>",7468,94712.1,94674.9,ns,,,,,
"mshift_promoted<145>",7198,95319.4,95270,ns,,,,,
"mcomp<145>",8419,81253.5,81222.4,ns,,,,,
"mcomp_promoted<145>",8892,77149.1,77119.2,ns,,,,,
"new_algo<145>",6122,111047,111004,ns,,,,,
"built_in<146>",8483,79428.2,79397.2,ns,,,,,
"built_in_distance<146>",8648,79046.6,79018,ns,,,,,
"mshift<146>",7082,95506.9,95470.6,ns,,,,,
"mshift_promoted<146>",7165,95921.8,95881.9,ns,,,,,
"mcomp<146>",8772,78055.4,78025.2,ns,,,,,
"mcomp_promoted<146>",8594,82187.7,82146.3,ns,,,,,
"new_algo<146>",6838,97991.2,97957.3,ns,,,,,
"built_in<147>",6867,98024.8,97984.2,ns,,,,,
"built_in_distance<147>",7002,98804.3,98764.6,ns,,,,,
"mshift<147>",7148,95671.1,95631.6,ns,,,,,
"mshift_promoted<147>",7370,95346,95311.7,ns,,,,,
"mcomp<147>",8408,81774.7,81744.7,ns,,,,,
"mcomp_promoted<147>",9025,76860.7,76829.9,ns,,,,,
"new_algo<147>",6235,112725,112680,ns,,,,,
"built_in<148>",8842,79572.7,79540.5,ns,,,,,
"built_in_distance<148>",8731,79686.4,79656.9,ns,,,,,
"mshift<148>",7336,95265.1,95228.2,ns,,,,,
"mshift_promoted<148>",7382,95260.4,95222.5,ns,,,,,
"mcomp<148>",9048,77176.2,77145.5,ns,,,,,
"mcomp_promoted<148>",8541,82089.5,82057.8,ns,,,,,
"new_algo<148>",6217,110860,110820,ns,,,,,
"built_in<149>",8448,81228.2,81196.6,ns,,,,,
"built_in_distance<149>",8459,82104.3,82070.1,ns,,,,,
"mshift<149>",7375,95120.2,95082.6,ns,,,,,
"mshift_promoted<149>",7379,95813.3,95778.7,ns,,,,,
"mcomp<149>",8351,81638.7,81609.1,ns,,,,,
"mcomp_promoted<149>",8671,76890.3,76861.3,ns,,,,,
"built_in<150>",9500,70702,70672.9,ns,,,,,
"built_in_distance<150>",9663,70719.6,70693.4,ns,,,,,
"mshift<150>",7124,94958.9,94924.1,ns,,,,,
"mshift_promoted<150>",5413,129621,129571,ns,,,,,
"mcomp<150>",8782,77736.1,77706.3,ns,,,,,
"mcomp_promoted<150>",8556,81982.1,81947.8,ns,,,,,
"new_algo<150>",6104,110597,110556,ns,,,,,
"built_in<151>",9711,71104.1,71075.1,ns,,,,,
"built_in_distance<151>",9732,70149.9,70121.5,ns,,,,,
"mshift<151>",7249,95593,95555.7,ns,,,,,
"mshift_promoted<151>",7140,95436.8,95401.2,ns,,,,,
"mcomp<151>",8341,81395.3,81366.3,ns,,,,,
"mcomp_promoted<151>",8753,76074.9,76045.2,ns,,,,,
"new_algo<151>",6059,111390,111347,ns,,,,,
"built_in<152>",8552,79534.7,79501.8,ns,,,,,
"built_in_distance<152>",8469,79855.2,79825.2,ns,,,,,
"mshift<152>",7436,95811.6,95770.9,ns,,,,,
"mshift_promoted<152>",7357,96637.2,96599.6,ns,,,,,
"mcomp<152>",8814,76631.4,76600.7,ns,,,,,
"mcomp_promoted<152>",8374,82268.6,82237,ns,,,,,
"new_algo<152>",6060,110646,110606,ns,,,,,
"built_in<153>",8598,81217.6,81183.4,ns,,,,,
"built_in_distance<153>",8251,80728.6,80697.8,ns,,,,,
"mshift<153>",7313,96556.3,96507.4,ns,,,,,
"mshift_promoted<153>",7126,95361,95326.9,ns,,,,,
"mcomp<153>",8493,81889,81856.8,ns,,,,,
"mcomp_promoted<153>",8542,78070.8,78039.6,ns,,,,,
"new_algo<153>",6092,110171,110128,ns,,,,,
"built_in<154>",9452,70829,70803.1,ns,,,,,
"built_in_distance<154>",9716,70903.6,70875.2,ns,,,,,
"mshift<154>",7195,95737.5,95699,ns,,,,,
"mshift_promoted<154>",7322,95003.4,94964.5,ns,,,,,
"mcomp<154>",8859,77004.9,76966.6,ns,,,,,
"mcomp_promoted<154>",8531,80958,80928.9,ns,,,,,
"new_algo<154>",6289,112774,112727,ns,,,,,
"built_in<155>",8481,80354.9,80323.8,ns,,,,,
"built_in_distance<155>",8353,81157.6,81124.7,ns,,,,,
"mshift<155>",7139,95463.1,95428.9,ns,,,,,
"mshift_promoted<155>",7240,95352.2,95317.8,ns,,,,,
"mcomp<155>",8428,81331.6,81300,ns,,,,,
"mcomp_promoted<155>",8540,77828.2,77797.4,ns,,,,,
"new_algo<155>",6053,109873,109833,ns,,,,,
"built_in<156>",9093,75793.8,75766.3,ns,,,,,
"built_in_distance<156>",9025,75907.4,75877.8,ns,,,,,
"mshift<156>",7286,95139.4,95102.6,ns,,,,,
"mshift_promoted<156>",7209,95138.8,95102.6,ns,,,,,
"mcomp<156>",8818,77060.7,77032.6,ns,,,,,
"mcomp_promoted<156>",8525,81994.7,81960.9,ns,,,,,
"new_algo<156>",6067,111717,111674,ns,,,,,
"built_in<157>",9836,70117.5,70090.5,ns,,,,,
"built_in_distance<157>",9519,70490.3,70465.7,ns,,,,,
"mshift<157>",7089,95316.5,95281,ns,,,,,
"mshift_promoted<157>",7146,95566.9,95528.6,ns,,,,,
"mcomp<157>",8499,81802.6,81769.8,ns,,,,,
"mcomp_promoted<157>",8786,77091.3,77061.3,ns,,,,,
"new_algo<157>",6183,110227,110188,ns,,,,,
"built_in<158>",9652,70798.8,70769.1,ns,,,,,
"built_in_distance<158>",9597,71286.6,71258,ns,,,,,
"mshift<158>",7348,96099,96060.8,ns,,,,,
"mshift_promoted<158>",7369,93878.1,93844.7,ns,,,,,
"mcomp<158>",8789,78412.3,78380.1,ns,,,,,
"mcomp_promoted<158>",8499,81690.3,81657.7,ns,,,,,
"new_algo<158>",6059,112307,112263,ns,,,,,
"built_in<159>",8478,79958.1,79927.5,ns,,,,,
"built_in_distance<159>",8567,79562.6,79534.9,ns,,,,,
"mshift<159>",7143,95702.3,95664.1,ns,,,,,
"mshift_promoted<159>",7159,95174.2,95136.2,ns,,,,,
"mcomp<159>",8333,81549.4,81516.7,ns,,,,,
"mcomp_promoted<159>",8688,75698.7,75672.6,ns,,,,,
"new_algo<159>",6116,110443,110389,ns,,,,,
"built_in<160>",9315,74535.3,74505.8,ns,,,,,
"built_in_distance<160>",9047,75095.1,75065.7,ns,,,,,
"mshift<160>",7162,95576.6,95540.9,ns,,,,,
"mshift_promoted<160>",7098,94994.1,94959.8,ns,,,,,
"mcomp<160>",8915,76988.2,76958.3,ns,,,,,
"mcomp_promoted<160>",8419,81149.6,81118.3,ns,,,,,
"new_algo<160>",6034,111997,111953,ns,,,,,
"built_in<161>",6913,101346,101309,ns,,,,,
"built_in_distance<161>",6853,101428,101389,ns,,,,,
"mshift<161>",7408,94540.5,94501.2,ns,,,,,
"mshift_promoted<161>",7313,95520.1,95482,ns,,,,,
"mcomp<161>",8376,81157.8,81128.9,ns,,,,,
"mcomp_promoted<161>",8910,76532.7,76504.5,ns,,,,,
"new_algo<161>",6237,112990,112945,ns,,,,,
"built_in<162>",7933,85951.9,85916.9,ns,,,,,
"built_in_distance<162>",8183,85815,85782.5,ns,,,,,
"mshift<162>",7178,95676,95639.3,ns,,,,,
"mshift_promoted<162>",7123,94863.2,94828.9,ns,,,,,
"mcomp<162>",8950,76354.1,76324,ns,,,,,
"mcomp_promoted<162>",8278,80851.6,80819.7,ns,,,,,
"new_algo<162>",6078,110623,110584,ns,,,,,
"built_in<163>",8375,80614.7,80586,ns,,,,,
"built_in_distance<163>",8661,80826,80792.6,ns,,,,,
"mshift<163>",7164,95725.9,95687,ns,,,,,
"mshift_promoted<163>",7171,94674.7,94636.7,ns,,,,,
"mcomp<163>",8296,82100.6,82070.9,ns,,,,,
"mcomp_promoted<163>",8857,76569,76531.5,ns,,,,,
"built_in<164>",8696,79212.6,79180.7,ns,,,,,
"built_in_distance<164>",8546,80912,80878.2,ns,,,,,
"mshift<164>",7077,96541.3,96505.7,ns,,,,,
"mshift_promoted<164>",7266,95402.8,95368,ns,,,,,
"mcomp<164>",8912,77975.7,77946.2,ns,,,,,
"mcomp_promoted<164>",8408,81340.1,81307.5,ns,,,,,
"new_algo<164>",6268,112319,112275,ns,,,,,
"built_in<165>",8476,81600.9,81572.4,ns,,,,,
"built_in_distance<165>",8579,81132.5,81091.4,ns,,,,,
"mshift<165>",7081,95758.4,95720.9,ns,,,,,
"mshift_promoted<165>",7438,95505.8,95466.8,ns,,,,,
"mcomp<165>",8337,81454.3,81425,ns,,,,,
"mcomp_promoted<165>",8763,77550,77522.5,ns,,,,,
"new_algo<165>",6066,111816,111772,ns,,,,,
"built_in<166>",9623,69839.6,69813.1,ns,,,,,
"built_in_distance<166>",9652,70435.6,70405.9,ns,,,,,
"mshift<166>",7131,96551.3,96516.4,ns,,,,,
"mshift_promoted<166>",7224,96116.9,96068.7,ns,,,,,
"mcomp<166>",8898,77968,77939.1,ns,,,,,
"mcomp_promoted<166>",8296,81893.8,81861.3,ns,,,,,
"built_in<167>",9652,70180.9,70155.6,ns,,,,,
"built_in_distance<167>",9602,70878.6,70850.4,ns,,,,,
"mshift<167>",7242,95524.2,95486.9,ns,,,,,
"mshift_promoted<167>",7153,95019.8,94983.5,ns,,,,,
"mcomp<167>",8629,82101.6,82071.2,ns,,,,,
"mcomp_promoted<167>",8685,77264.4,77235.7,ns,,,,,
"built_in<168>",8507,81751.2,81718.3,ns,,,,,
"built_in_distance<168>",8268,81645.3,81613.7,ns,,,,,
"mshift<168>",7140,93776,93738.8,ns,,,,,
"mshift_promoted<168>",7326,94826.8,94792.9,ns,,,,,
"mcomp<168>",8677,77867.9,77836.6,ns,,,,,
"mcomp_promoted<168>",8376,81651.6,81618.3,ns,,,,,
"new_algo<168>",6127,111388,111345,ns,,,,,
"built_in<169>",6957,98470.7,98434.6,ns,,,,,
"built_in_distance<169>",6952,98421.6,98385.9,ns,,,,,
"mshift<169>",7127,95786,95747,ns,,,,,
"mshift_promoted<169>",7159,95809.3,95769.9,ns,,,,,
"mcomp<169>",8409,80894.1,80862.6,ns,,,,,
"mcomp_promoted<169>",8857,76737.3,76709.8,ns,,,,,
"built_in<170>",9733,70569.7,70542.3,ns,,,,,
"built_in_distance<170>",9655,71145.3,71117.2,ns,,,,,
"mshift<170>",7426,94515.8,94477.9,ns,,,,,
"mshift_promoted<170>",7146,95711.6,95676,ns,,,,,
"mcomp<170>",8905,78308.1,78276.1,ns,,,,,
"mcomp_promoted<170>",8286,82199,82157.9,ns,,,,,
"new_algo<170>",6127,111395,111351,ns,,,,,
"built_in<171>",8568,81695.4,81661.9,ns,,,,,
"built_in_distance<171>",8257,82504.5,82474,ns,,,,,
"mshift<171>",7167,95559,95519.6,ns,,,,,
"mshift_promoted<171>",7094,95734.6,95696.8,ns,,,,,
"mcomp<171>",8461,81487.4,81456.4,ns,,,,,
"mcomp_promoted<171>",9040,76558.8,76530,ns,,,,,
"new_algo<171>",6181,112796,112750,ns,,,,,
"built_in<172>",9588,70641.4,70604,ns,,,,,
"built_in_distance<172>",9674,70907.5,70878.7,ns,,,,,
"mshift<172>",7079,95897.2,95862.7,ns,,,,,
"mshift_promoted<172>",7170,94227.8,94192.7,ns,,,,,
"mcomp<172>",9065,76123.6,76094,ns,,,,,
"mcomp_promoted<172>",8424,81429.6,81397.6,ns,,,,,
"new_algo<172>",6125,110486,110444,ns,,,,,
"built_in<173>",9450,70038,70013.3,ns,,,,,
"built_in_distance<173>",9497,71255,71224.7,ns,,,,,
"mshift<173>",7142,95340.1,95302.2,ns,,,,,
"mshift_promoted<173>",7098,96102.1,96063.2,ns,,,,,
"mcomp<173>",8313,81218.9,81190.3,ns,,,,,
"mcomp_promoted<173>",8707,76417.6,76387.9,ns,,,,,
"built_in<174>",9677,71003.4,70974.2,ns,,,,,
"built_in_distance<174>",9515,70773.4,70744.7,ns,,,,,
"mshift<174>",7234,95137.1,95102.8,ns,,,,,
"mshift_promoted<174>",7117,95462.2,95428.4,ns,,,,,
"mcomp<174>",9022,77274.9,77244.5,ns,,,,,
"mcomp_promoted<174>",8270,81760.5,81719.1,ns,,,,,
"new_algo<174>",6282,112094,112048,ns,,,,,
"built_in<175>",9648,70280.6,70255.9,ns,,,,,
"built_in_distance<175>",9646,70496.5,70466.7,ns,,,,,
"mshift<175>",7108,94332.8,94296.4,ns,,,,,
"mshift_promoted<175>",7109,95192.1,95155,ns,,,,,
"mcomp<175>",8263,81762.6,81732.6,ns,,,,,
"mcomp_promoted<175>",8719,76662.1,76632.1,ns,,,,,
"new_algo<175>",6069,111389,111344,ns,,,,,
"built_in<176>",8406,80029.3,79997,ns,,,,,
"built_in_distance<176>",8580,80427.4,80396.9,ns,,,,,
"mshift<176>",7065,95287.9,95252.6,ns,,,,,
"mshift_promoted<176>",7290,95655.9,95618.8,ns,,,,,
"mcomp<176>",8824,78886.3,78855.5,ns,,,,,
"mcomp_promoted<176>",8229,81654.3,81622.4,ns,,,,,
"new_algo<176>",6049,111593,111554,ns,,,,,
"built_in<177>",9626,70174.7,70145.5,ns,,,,,
"built_in_distance<177>",9728,71811.6,71782.3,ns,,,,,
"mshift<177>",7180,95833.9,95796,ns,,,,,
"mshift_promoted<177>",7092,95656,95622.3,ns,,,,,
"mcomp<177>",8406,80893.7,80861.9,ns,,,,,
"mcomp_promoted<177>",8829,76747.3,76715.9,ns,,,,,
"new_algo<177>",6035,117426,117379,ns,,,,,
"built_in<178>",9311,75374.3,75346,ns,,,,,
"built_in_distance<178>",9251,75474.9,75447.9,ns,,,,,
"mshift<178>",7129,95117.9,95081,ns,,,,,
"mshift_promoted<178>",7139,95271.8,95232.4,ns,,,,,
"mcomp<178>",8705,77611.7,77572.2,ns,,,,,
"mcomp_promoted<178>",8206,81375.2,81345.7,ns,,,,,
"new_algo<178>",6114,111795,111749,ns,,,,,
"built_in<179>",9454,71345.6,71317.7,ns,,,,,
"built_in_distance<179>",9664,70780.5,70750.6,ns,,,,,
"mshift<179>",7297,95625.6,95590.7,ns,,,,,
"mshift_promoted<179>",7107,95803.1,95768.6,ns,,,,,
"mcomp<179>",8458,81403,81372.1,ns,,,,,
"mcomp_promoted<179>",8675,77072.3,77041.9,ns,,,,,
"built_in<180>",9461,70457.8,70431,ns,,,,,
"built_in_distance<180>",9533,70661.1,70634.9,ns,,,,,
"mshift<180>",7322,95461.9,95424.8,ns,,,,,
"mshift_promoted<180>",7288,94695.8,94659.5,ns,,,,,
"mcomp<180>",8858,77995.2,77964.2,ns,,,,,
"mcomp_promoted<180>",8570,80906.8,80878.4,ns,,,,,
"new_algo<180>",6376,113231,113183,ns,,,,,
"built_in<181>",7551,92097.9,92061.2,ns,,,,,
"built_in_distance<181>",7694,92325.3,92289.2,ns,,,,,
"mshift<181>",7334,95966.8,95915.4,ns,,,,,
"mshift_promoted<181>",7259,95150.4,95115.1,ns,,,,,
"mcomp<181>",8371,80670.9,80639.2,ns,,,,,
"mcomp_promoted<181>",9227,77400.9,77369.6,ns,,,,,
"built_in<182>",9287,75853.5,75822.8,ns,,,,,
"built_in_distance<182>",9191,75869.1,75839.7,ns,,,,,
"mshift<182>",7121,93629.1,93594.9,ns,,,,,
"mshift_promoted<182>",7259,94861.7,94824.4,ns,,,,,
"mcomp<182>",9026,76909.5,76880.5,ns,,,,,
"mcomp_promoted<182>",8299,81319.5,81278.8,ns,,,,,
"new_algo<182>",6302,111208,111165,ns,,,,,
"built_in<183>",7549,91646.9,91610.5,ns,,,,,
"built_in_distance<183>",7672,92317.8,92281.3,ns,,,,,
"mshift<183>",7189,95363.9,95326.7,ns,,,,,
"mshift_promoted<183>",7075,95013.2,94979.1,ns,,,,,
"mcomp<183>",8292,80985,80956,ns,,,,,
"mcomp_promoted<183>",8992,76215.3,76184.9,ns,,,,,
"new_algo<183>",6208,110384,110338,ns,,,,,
"built_in<184>",9360,75182.3,75144.9,ns,,,,,
"built_in_distance<184>",9386,75332.2,75304.3,ns,,,,,
"mshift<184>",7043,94422.4,94385.2,ns,,,,,
"mshift_promoted<184>",7166,94517,94480.5,ns,,,,,
"mcomp<184>",9125,76407.8,76377.4,ns,,,,,
"mcomp_promoted<184>",8305,80989.1,80959,ns,,,,,
"new_algo<184>",6272,110557,110516,ns,,,,,
"built_in<185>",8204,81615.5,81584.1,ns,,,,,
"built_in_distance<185>",8384,83267.4,83235,ns,,,,,
"mshift<185>",7133,95463,95413.5,ns,,,,,
"mshift_promoted<185>",7105,95221.6,95187.1,ns,,,,,
"mcomp<185>",8675,80801.4,80769.6,ns,,,,,
"mcomp_promoted<185>",8838,76284.7,76255.8,ns,,,,,
"new_algo<185>",6318,110488,110445,ns,,,,,
"built_in<186>",9012,74885.4,74857.6,ns,,,,,
"built_in_distance<186>",8902,74797.3,74767.2,ns,,,,,
"mshift<186>",7222,95432.2,95394.9,ns,,,,,
"mshift_promoted<186>",7390,95757.8,95720.3,ns,,,,,
"mcomp<186>",9240,77153.2,77115.7,ns,,,,,
"mcomp_promoted<186>",8433,80725.1,80695.3,ns,,,,,
"new_algo<186>",6256,111066,111021,ns,,,,,
"built_in<187>",10106,70631.2,70603.7,ns,,,,,
"built_in_distance<187>",9873,70442.8,70415.8,ns,,,,,
"mshift<187>",7121,96369.6,96334.5,ns,,,,,
"mshift_promoted<187>",7208,95038.2,95002.4,ns,,,,,
"mcomp<187>",8484,80881.1,80849.5,ns,,,,,
"mcomp_promoted<187>",9025,76584.4,76555.4,ns,,,,,
"new_algo<187>",6054,110371,110328,ns,,,,,
"built_in<188>",9048,75249.4,75222.6,ns,,,,,
"built_in_distance<188>",9188,76420.7,76387.2,ns,,,,,
"mshift<188>",7503,95237.4,95199.7,ns,,,,,
"mshift_promoted<188>",7197,95663.3,95625.2,ns,,,,,
"mcomp<188>",8573,77781.4,77753,ns,,,,,
"mcomp_promoted<188>",8549,80712.2,80680.9,ns,,,,,
"new_algo<188>",6411,110285,110240,ns,,,,,
"built_in<189>",8188,81165.2,81133.5,ns,,,,,
"built_in_distance<189>",8709,81546.2,81513.9,ns,,,,,
"mshift<189>",7444,95531,95496.8,ns,,,,,
"mshift_promoted<189>",7295,95160.3,95123.3,ns,,,,,
"mcomp<189>",8489,81572.5,81539.5,ns,,,,,
"mcomp_promoted<189>",8854,76157.7,76128.5,ns,,,,,
"new_algo<189>",6380,111078,111038,ns,,,,,
"built_in<190>",9281,74284.3,74258.3,ns,,,,,
"built_in_distance<190>",9199,74081.7,74053.5,ns,,,,,
"mshift<190>",7133,94884.1,94844.2,ns,,,,,
"mshift_promoted<190>",7092,95308.1,95261,ns,,,,,
"mcomp<190>",8933,77515,77487,ns,,,,,
"mcomp_promoted<190>",8384,81322.5,81290.7,ns,,,,,
"new_algo<190>",6370,111042,110998,ns,,,,,
"built_in<191>",8383,80091,80058.9,ns,,,,,
"built_in_distance<191>",8353,79463.5,79434.7,ns,,,,,
"mshift<191>",7376,94907.7,94874.2,ns,,,,,
"mshift_promoted<191>",7074,94672.6,94636.3,ns,,,,,
"mcomp<191>",8623,81066,81034,ns,,,,,
"mcomp_promoted<191>",9150,75835.5,75798,ns,,,,,
"built_in<192>",9299,74524.5,74496.6,ns,,,,,
"built_in_distance<192>",9286,74088.9,74060.4,ns,,,,,
"mshift<192>",7078,94790.6,94753.6,ns,,,,,
"mshift_promoted<192>",7413,95853.5,95815.9,ns,,,,,
"mcomp<192>",8949,76513.9,76486.8,ns,,,,,
"mcomp_promoted<192>",8729,81765.7,81733.2,ns,,,,,
"new_algo<192>",6325,111594,111550,ns,,,,,
"built_in<193>",8789,79573.6,79542.1,ns,,,,,
"built_in_distance<193>",8868,78974.5,78943.4,ns,,,,,
"mshift<193>",7283,94674.2,94640.7,ns,,,,,
"mshift_promoted<193>",7406,94682.5,94645.2,ns,,,,,
"mcomp<193>",8248,81560.6,81529.1,ns,,,,,
"mcomp_promoted<193>",9248,77359.1,77328.6,ns,,,,,
"built_in<194>",8912,74195.5,74167,ns,,,,,
"built_in_distance<194>",9441,74045.8,74016.9,ns,,,,,
"mshift<194>",7318,94558.6,94520.6,ns,,,,,
"mshift_promoted<194>",7235,94891.6,94858.3,ns,,,,,
"mcomp<194>",8627,77865.1,77832.7,ns,,,,,
"mcomp_promoted<194>",8329,81197.3,81169.4,ns,,,,,
"new_algo<194>",6056,110496,110453,ns,,,,,
"built_in<195>",8432,81228.7,81196,ns,,,,,
"built_in_distance<195>",8731,81737.4,81705,ns,,,,,
"mshift<195>",7291,94111.8,94078.1,ns,,,,,
"mshift_promoted<195>",7144,93919.8,93887.2,ns,,,,,
"mcomp<195>",8729,82206.1,82173.5,ns,,,,,
"mcomp_promoted<195>",9136,77717.9,77686.4,ns,,,,,
"new_algo<195>",6335,111208,111151,ns,,,,,
"built_in<196>",9478,74949.3,74922.1,ns,,,,,
"built_in_distance<196>",8959,75178.3,75146.7,ns,,,,,
"mshift<196>",7443,94766.6,94729.7,ns,,,,,
"mshift_promoted<196>",7078,94632.4,94594.2,ns,,,,,
"mcomp<196>",9174,77230.2,77201.9,ns,,,,,
"mcomp_promoted<196>",8665,81056,81027.9,ns,,,,,
"new_algo<196>",6245,110299,110258,ns,,,,,
"built_in<197>",9491,70267.6,70240.7,ns,,,,,
"built_in_distance<197>",9858,70397.2,70361.1,ns,,,,,
"mshift<197>",7228,94897.1,94863.2,ns,,,,,
"mshift_promoted<197>",7269,94958,94922,ns,,,,,
"mcomp<197>",8218,81561,81528.2,ns,,,,,
"mcomp_promoted<197>",8797,77447.2,77417.5,ns,,,,,
"built_in<198>",9545,74924.9,74894.5,ns,,,,,
"built_in_distance<198>",9499,75213,75182.5,ns,,,,,
"mshift<198>",7175,95401.4,95364.8,ns,,,,,
"mshift_promoted<198>",7420,94795.8,94759.3,ns,,,,,
"mcomp<198>",9127,76928.3,76890.7,ns,,,,,
"mcomp_promoted<198>",8614,81208.9,81178.1,ns,,,,,
"new_algo<198>",6144,110693,110650,ns,,,,,
"built_in<199>",7349,92094.1,92058.1,ns,,,,,
"built_in_distance<199>",7735,92099.7,92063.7,ns,,,,,
"mshift<199>",7118,94446.9,94413.5,ns,,,,,
"mshift_promoted<199>",7368,94607.8,94572,ns,,,,,
"mcomp<199>",8351,80917.9,80886.7,ns,,,,,
"mcomp_promoted<199>",8849,76954.3,76924.5,ns,,,,,
"built_in<200>",8071,84877,84835.5,ns,,,,,
"built_in_distance<200>",7849,85595.7,85564.2,ns,,,,,
"mshift<200>",7131,95123.1,95083.4,ns,,,,,
"mshift_promoted<200>",7117,94159.1,94123.4,ns,,,,,
"mcomp<200>",8811,76527.4,76497.9,ns,,,,,
"mcomp_promoted<200>",8479,81576.1,81547,ns,,,,,
"new_algo<200>",6249,111764,111723,ns,,,,,
"built_in<201>",7305,97302.2,97262.9,ns,,,,,
"built_in_distance<201>",7136,97538,97500.1,ns,,,,,
"mshift<201>",7414,94866.3,94819.1,ns,,,,,
"mshift_promoted<201>",7092,95195.5,95161.6,ns,,,,,
"mcomp<201>",8729,81561.6,81528.9,ns,,,,,
"mcomp_promoted<201>",9121,77110,77078.3,ns,,,,,
"built_in<202>",9225,74433.4,74404.8,ns,,,,,
"built_in_distance<202>",9281,75398.3,75370,ns,,,,,
"mshift<202>",7481,95867,95833.1,ns,,,,,
"mshift_promoted<202>",7188,95947,95909.3,ns,,,,,
"mcomp<202>",9012,77533.3,77503,ns,,,,,
"mcomp_promoted<202>",8615,81460.7,81428.2,ns,,,,,
"built_in<203>",9847,69960,69936.2,ns,,,,,
"built_in_distance<203>",9629,70853.4,70825,ns,,,,,
"mshift<203>",7400,94703,94665,ns,,,,,
"mshift_promoted<203>",7258,93772.7,93736.5,ns,,,,,
"mcomp<203>",8538,80725.9,80695.8,ns,,,,,
"mcomp_promoted<203>",9092,76813,76786.1,ns,,,,,
"built_in<204>",9667,70663.9,70634.1,ns,,,,,
"built_in_distance<204>",9778,70552.6,70525,ns,,,,,
"mshift<204>",7189,94987.2,94937,ns,,,,,
"mshift_promoted<204>",7497,95106.3,95071.1,ns,,,,,
"mcomp<204>",8960,76209.7,76180.1,ns,,,,,
"mcomp_promoted<204>",8697,82676,82642.8,ns,,,,,
"new_algo<204>",6262,111718,111675,ns,,,,,
"built_in<205>",8262,82611.6,82579,ns,,,,,
"built_in_distance<205>",8293,81086.2,81055.7,ns,,,,,
"mshift<205>",7359,95417.6,95380.1,ns,,,,,
"mshift_promoted<205>",7235,95422.2,95383.9,ns,,,,,
"mcomp<205>",8315,81079.6,81039.8,ns,,,,,
"mcomp_promoted<205>",8930,76315.2,76288.2,ns,,,,,
"new_algo<205>",6097,110228,110182,ns,,,,,
"built_in<206>",9066,76289.4,76259.2,ns,,,,,
"built_in_distance<206>",8892,74929.7,74899.9,ns,,,,,
"mshift<206>",7361,94863.4,94830,ns,,,,,
"mshift_promoted<206>",7203,95519.3,95484.5,ns,,,,,
"mcomp<206>",8950,76098.4,76066.7,ns,,,,,
"mcomp_promoted<206>",8544,80996.8,80965.1,ns,,,,,
"new_algo<206>",6283,110893,110850,ns,,,,,
"built_in<207>",7344,91824.5,91792.3,ns,,,,,
"built_in_distance<207>",1880,366847,366719,ns,,,,,
"mshift<207>",7233,95444.9,95410.3,ns,,,,,
"mshift_promoted<207>",7180,95607.8,95571,ns,,,,,
"mcomp<207>",8552,82227.7,82195.4,ns,,,,,
"mcomp_promoted<207>",9230,76276.2,76247.1,ns,,,,,
"built_in<208>",8424,79768.8,79739.7,ns,,,,,
"built_in_distance<208>",8774,80054.6,80021.7,ns,,,,,
"mshift<208>",7052,94756.8,94719.9,ns,,,,,
"mshift_promoted<208>",7084,95802.1,95763.7,ns,,,,,
"mcomp<208>",8947,77355.9,77328.9,ns,,,,,
"mcomp_promoted<208>",8522,81911.2,81881.2,ns,,,,,
"new_algo<208>",6346,113252,113207,ns,,,,,
"built_in<209>",9926,70041.1,70015.2,ns,,,,,
"built_in_distance<209>",9811,69853.7,69826.3,ns,,,,,
"mshift<209>",7474,94057.8,94024.1,ns,,,,,
"mshift_promoted<209>",7257,94530.5,94494.6,ns,,,,,
"mcomp<209>",8473,81495.5,81463.7,ns,,,,,
"mcomp_promoted<209>",8664,77966.4,77936,ns,,,,,
"built_in<210>",9644,70709.9,70685,ns,,,,,
"built_in_distance<210>",9769,70680,70651.7,ns,,,,,
"mshift<210>",7458,95543.7,95506.8,ns,,,,,
"mshift_promoted<210>",7203,95450,95411.2,ns,,,,,
"mcomp<210>",8452,78426.5,78395.2,ns,,,,,
"mcomp_promoted<210>",8681,81192.6,81163.8,ns,,,,,
"new_algo<210>",6234,110325,110284,ns,,,,,
"built_in<211>",10097,69981.6,69947,ns,,,,,
"built_in_distance<211>",9629,70371.9,70343.6,ns,,,,,
"mshift<211>",7297,95849.4,95813.8,ns,,,,,
"mshift_promoted<211>",7412,94417.2,94383.8,ns,,,,,
"mcomp<211>",8521,81684.1,81651.4,ns,,,,,
"mcomp_promoted<211>",8592,78753.1,78723.4,ns,,,,,
"built_in<212>",8989,75883.5,75854.8,ns,,,,,
"built_in_distance<212>",9299,75379.1,75350.5,ns,,,,,
"mshift<212>",7179,94596.1,94559.8,ns,,,,,
"mshift_promoted<212>",7491,94737.5,94691.4,ns,,,,,
"mcomp<212>",8733,76949.7,76920.2,ns,,,,,
"mcomp_promoted<212>",8620,81995.2,81963.9,ns,,,,,
"new_algo<212>",6414,110531,110492,ns,,,,,
"built_in<213>",7609,91475.2,91439,ns,,,,,
"built_in_distance<213>",7722,92540,92503,ns,,,,,
"mshift<213>",7147,96048.8,96011.5,ns,,,,,
"mshift_promoted<213>",7171,94717.8,94681.7,ns,,,,,
"mcomp<213>",8671,81009.7,80978.6,ns,,,,,
"mcomp_promoted<213>",8509,78854.4,78823.7,ns,,,,,
"built_in<214>",9388,75655.2,75625.1,ns,,,,,
"built_in_distance<214>",9390,75067.4,75040.2,ns,,,,,
"mshift<214>",7410,94332.3,94296.8,ns,,,,,
"mshift_promoted<214>",5481,129218,129168,ns,,,,,
"mcomp<214>",8607,77174.7,77144.6,ns,,,,,
"mcomp_promoted<214>",8189,81101,81069.3,ns,,,,,
"built_in<215>",9606,70812.2,70786.5,ns,,,,,
"built_in_distance<215>",9676,70292.1,70261.8,ns,,,,,
"mshift<215>",7402,94517.2,94465.7,ns,,,,,
"mshift_promoted<215>",7097,95530.6,95492.2,ns,,,,,
"mcomp<215>",8743,81602.5,81573.6,ns,,,,,
"mcomp_promoted<215>",8774,77964.4,77932.9,ns,,,,,
"new_algo<215>",6120,109790,109746,ns,,,,,
"built_in<216>",8701,78868.2,78837.2,ns,,,,,
"built_in_distance<216>",8608,78157.6,78124.3,ns,,,,,
"mshift<216>",7464,94812.9,94778.7,ns,,,,,
"mshift_promoted<216>",7389,95916.5,95876.2,ns,,,,,
"mcomp<216>",8918,77176,77145.4,ns,,,,,
"mcomp_promoted<216>",8540,81099.8,81067.9,ns,,,,,
"new_algo<216>",6249,110901,110862,ns,,,,,
"built_in<217>",8654,79948.6,79919.1,ns,,,,,
"built_in_distance<217>",8495,80753.7,80721.9,ns,,,,,
"mshift<217>",7370,94461.8,94425,ns,,,,,
"mshift_promoted<217>",7322,94816.2,94779.2,ns,,,,,
"mcomp<217>",8468,81850.2,81821.8,ns,,,,,
"mcomp_promoted<217>",8748,76797.7,76768,ns,,,,,
"new_algo<217>",6140,110967,110910,ns,,,,,
"built_in<218>",9999,70289.4,70261.5,ns,,,,,
"built_in_distance<218>",9983,70681.6,70655.6,ns,,,,,
"mshift<218>",7089,96482.4,96447.1,ns,,,,,
"mshift_promoted<218>",7475,95615.8,95577.8,ns,,,,,
"mcomp<218>",9137,77864.5,77834.3,ns,,,,,
"mcomp_promoted<218>",8507,81215.8,81184.5,ns,,,,,
"new_algo<218>",6379,112219,112174,ns,,,,,
"built_in<219>",9644,70770.7,70743.6,ns,,,,,
"built_in_distance<219>",10069,70273.2,70238,ns,,,,,
"mshift<219>",7333,95712.9,95675.3,ns,,,,,
"mshift_promoted<219>",7273,94864.7,94827.9,ns,,,,,
"mcomp<219>",8333,81358.4,81328.7,ns,,,,,
"mcomp_promoted<219>",8502,77850.9,77820.2,ns,,,,,
"new_algo<219>",6403,110960,110916,ns,,,,,
"built_in<220>",9473,74609.4,74580.8,ns,,,,,
"built_in_distance<220>",9218,75203.6,75176.3,ns,,,,,
"mshift<220>",7236,94870.1,94835,ns,,,,,
"mshift_promoted<220>",7225,94706.1,94658.6,ns,,,,,
"mcomp<220>",8978,77263,77232.7,ns,,,,,
"mcomp_promoted<220>",8451,81408.9,81376.3,ns,,,,,
"new_algo<220>",6151,110839,110800,ns,,,,,
"built_in<221>",9789,70721.8,70693.1,ns,,,,,
"built_in_distance<221>",9426,71291.7,71263.2,ns,,,,,
"mshift<221>",7091,94429.1,94391.2,ns,,,,,
"mshift_promoted<221>",7146,94721.3,94688.5,ns,,,,,
"mcomp<221>",8533,81520.6,81488.3,ns,,,,,
"mcomp_promoted<221>",9123,77781,77739.9,ns,,,,,
"new_algo<221>",6063,111663,111619,ns,,,,,
"built_in<222>",9167,74901.1,74874.8,ns,,,,,
"built_in_distance<222>",9219,75175.8,75148.2,ns,,,,,
"mshift<222>",7255,95399,95362.1,ns,,,,,
"mshift_promoted<222>",7150,95591.3,95552.4,ns,,,,,
"mcomp<222>",8957,77164,77132.3,ns,,,,,
"mcomp_promoted<222>",8551,81682.6,81653.6,ns,,,,,
"new_algo<222>",6065,110803,110763,ns,,,,,
"built_in<223>",7392,91798.7,91753,ns,,,,,
"built_in_distance<223>",7336,92277,92238.8,ns,,,,,
"mshift<223>",7321,95233.8,95197,ns,,,,,
"mshift_promoted<223>",7154,95307.1,95273,ns,,,,,
"mcomp<223>",8291,81402.1,81370.3,ns,,,,,
"mcomp_promoted<223>",8763,78019.1,77988.6,ns,,,,,
"new_algo<223>",6401,111981,111935,ns,,,,,
"built_in<224>",8430,80733.3,80704.6,ns,,,,,
"built_in_distance<224>",8475,80422.7,80391.1,ns,,,,,
"mshift<224>",7472,95732.9,95684.9,ns,,,,,
"mshift_promoted<224>",7236,95157.7,95119.8,ns,,,,,
"mcomp<224>",9068,76182.9,76151,ns,,,,,
"mcomp_promoted<224>",8330,81388.1,81359.7,ns,,,,,
"new_algo<224>",6228,110401,110359,ns,,,,,
"built_in<225>",7481,92256.3,92218.3,ns,,,,,
"built_in_distance<225>",7429,92047.4,92011.6,ns,,,,,
"mshift<225>",7334,94807.2,94770.4,ns,,,,,
"mshift_promoted<225>",7120,95227.3,95192,ns,,,,,
"mcomp<225>",8309,82157.4,82115.6,ns,,,,,
"mcomp_promoted<225>",8622,78222.8,78192.1,ns,,,,,
"new_algo<225>",6117,111522,111479,ns,,,,,
"built_in<226>",9493,69881.2,69855.6,ns,,,,,
"built_in_distance<226>",9500,69795.5,69767.4,ns,,,,,
"mshift<226>",7145,94553.4,94515.9,ns,,,,,
"mshift_promoted<226>",7155,94292.5,94255.7,ns,,,,,
"mcomp<226>",8901,77205.1,77177.5,ns,,,,,
"mcomp_promoted<226>",8555,80570.2,80538.4,ns,,,,,
"new_algo<226>",6096,111172,111128,ns,,,,,
"built_in<227>",9481,71209.7,71182.2,ns,,,,,
"built_in_distance<227>",9965,70061.6,70036.3,ns,,,,,
"mshift<227>",7221,95553.9,95517.9,ns,,,,,
"mshift_promoted<227>",7190,95167.9,95131.5,ns,,,,,
"mcomp<227>",8524,80559.6,80527.3,ns,,,,,
"mcomp_promoted<227>",9009,77193.6,77163.5,ns,,,,,
"built_in<228>",9598,70731.6,70705.7,ns,,,,,
"built_in_distance<228>",9543,70239.2,70212,ns,,,,,
"mshift<228>",7125,95802.6,95753,ns,,,,,
"mshift_promoted<228>",7284,95479.9,95439.6,ns,,,,,
"mcomp<228>",8665,78314.1,78285.6,ns,,,,,
"mcomp_promoted<228>",8613,81487.8,81455.5,ns,,,,,
"new_algo<228>",6304,111004,110961,ns,,,,,
"built_in<229>",9735,70789.6,70761.9,ns,,,,,
"built_in_distance<229>",9940,71088,71061,ns,,,,,
"mshift<229>",7142,96439.7,96404,ns,,,,,
"mshift_promoted<229>",7129,94583.7,94547.7,ns,,,,,
"mcomp<229>",8452,81812.7,81771.6,ns,,,,,
"mcomp_promoted<229>",9074,77675,77643.8,ns,,,,,
"built_in<230>",9142,75564.8,75535.6,ns,,,,,
"built_in_distance<230>",8910,75652.9,75622.4,ns,,,,,
"mshift<230>",7428,94461.5,94423.9,ns,,,,,
"mshift_promoted<230>",7245,95273.6,95236,ns,,,,,
"mcomp<230>",9153,74919,74892.6,ns,,,,,
"mcomp_promoted<230>",8286,82039.6,82009.4,ns,,,,,
"new_algo<230>",6257,110806,110763,ns,,,,,
"built_in<231>",9768,70479.8,70444.7,ns,,,,,
"built_in_distance<231>",9696,70732.5,70704.4,ns,,,,,
"mshift<231>",7124,94818.9,94784.3,ns,,,,,
"mshift_promoted<231>",7393,94862.9,94823.8,ns,,,,,
"mcomp<231>",8668,81044.5,81013.8,ns,,,,,
"mcomp_promoted<231>",8714,76463.1,76434,ns,,,,,
"new_algo<231>",6247,110653,110614,ns,,,,,
"built_in<232>",10195,67319.9,67296.7,ns,,,,,
"built_in_distance<232>",10138,67906.6,67878.7,ns,,,,,
"mshift<232>",7331,94828,94781.9,ns,,,,,
"mshift_promoted<232>",7169,95589.2,95551.4,ns,,,,,
"mcomp<232>",8990,77071.1,77043.6,ns,,,,,
"mcomp_promoted<232>",8168,81734.3,81702.4,ns,,,,,
"new_algo<232>",6367,111017,110972,ns,,,,,
"built_in<233>",7342,91481,91445.6,ns,,,,,
"built_in_distance<233>",7590,92490.9,92457.2,ns,,,,,
"mshift<233>",7179,94545.5,94512.7,ns,,,,,
"mshift_promoted<233>",7125,95620.7,95583.8,ns,,,,,
"mcomp<233>",8439,81736.1,81703.5,ns,,,,,
"mcomp_promoted<233>",8990,76932.1,76902.5,ns,,,,,
"new_algo<233>",6067,111112,111072,ns,,,,,
"built_in<234>",9821,70176.2,70148.3,ns,,,,,
"built_in_distance<234>",9745,70848.5,70820.3,ns,,,,,
"mshift<234>",7164,95273,95235.3,ns,,,,,
"mshift_promoted<234>",7316,95335.3,95300.6,ns,,,,,
"mcomp<234>",8993,77940.8,77911.2,ns,,,,,
"mcomp_promoted<234>",8491,81438.3,81406.9,ns,,,,,
"new_algo<234>",6113,111059,111016,ns,,,,,
"built_in<235>",7638,90681.4,90645.4,ns,,,,,
"built_in_distance<235>",7444,93125.6,93088.8,ns,,,,,
"mshift<235>",7317,95426.8,95389.6,ns,,,,,
"mshift_promoted<235>",7070,95225.7,95189.3,ns,,,,,
"mcomp<235>",8549,81065.1,81032.9,ns,,,,,
"mcomp_promoted<235>",8586,77311.8,77283.9,ns,,,,,
"built_in<236>",9808,70512.5,70483,ns,,,,,
"built_in_distance<236>",9717,70543.2,70515,ns,,,,,
"mshift<236>",7135,95150.9,95103.4,ns,,,,,
"mshift_promoted<236>",7116,96164.7,96131.1,ns,,,,,
"mcomp<236>",8687,76875.5,76847.4,ns,,,,,
"mcomp_promoted<236>",8341,81885.6,81852.7,ns,,,,,
"new_algo<236>",6039,112574,112529,ns,,,,,
"built_in<237>",7484,91271.6,91235.3,ns,,,,,
"built_in_distance<237>",7406,91822.8,91790.4,ns,,,,,
"mshift<237>",7252,95349.1,95311.4,ns,,,,,
"mshift_promoted<237>",7264,95667.9,95628.1,ns,,,,,
"mcomp<237>",8339,81869.7,81840.1,ns,,,,,
"mcomp_promoted<237>",9030,77719.9,77693.3,ns,,,,,
"built_in<238>",8820,75354.6,75326.9,ns,,,,,
"built_in_distance<238>",9152,75398.8,75368.8,ns,,,,,
"mshift<238>",7355,93884.1,93846.6,ns,,,,,
"mshift_promoted<238>",7321,95919.8,95882.7,ns,,,,,
"mcomp<238>",8851,76308.6,76281.1,ns,,,,,
"mcomp_promoted<238>",8299,81339.5,81307.8,ns,,,,,
"new_algo<238>",6121,110445,110403,ns,,,,,
"built_in<239>",7375,91587.2,91548.7,ns,,,,,
"built_in_distance<239>",7448,92268.7,92235.6,ns,,,,,
"mshift<239>",7237,94340.3,94306.9,ns,,,,,
"mshift_promoted<239>",7118,95293,95255.7,ns,,,,,
"mcomp<239>",8340,81832.6,81801,ns,,,,,
"mcomp_promoted<239>",8929,79782.6,79750.2,ns,,,,,
"built_in<240>",8352,81728.6,81697.9,ns,,,,,
"built_in_distance<240>",8421,81760.2,81727.9,ns,,,,,
"mshift<240>",7135,95212.9,95176,ns,,,,,
"mshift_promoted<240>",7116,96282.6,96244.2,ns,,,,,
"mcomp<240>",8538,78678.1,78648,ns,,,,,
"mcomp_promoted<240>",8428,80825.6,80785.7,ns,,,,,
"new_algo<240>",6135,111794,111750,ns,,,,,
"built_in<241>",9746,70516.4,70488.4,ns,,,,,
"built_in_distance<241>",9822,70379.7,70354.7,ns,,,,,
"mshift<241>",7116,95646.6,95611.2,ns,,,,,
"mshift_promoted<241>",7274,94943.6,94906.2,ns,,,,,
"mcomp<241>",8561,81570.5,81538.4,ns,,,,,
"mcomp_promoted<241>",8920,77324,77294.7,ns,,,,,
"new_algo<241>",6341,112161,112119,ns,,,,,
"built_in<242>",9028,74104.3,74066.3,ns,,,,,
"built_in_distance<242>",9054,75197,75167.9,ns,,,,,
"mshift<242>",7289,95180.3,95143.1,ns,,,,,
"mshift_promoted<242>",7168,94310.5,94277.8,ns,,,,,
"mcomp<242>",9021,76928.8,76900.8,ns,,,,,
"mcomp_promoted<242>",8652,80776.4,80745,ns,,,,,
"built_in<243>",6902,99049.9,99008.9,ns,,,,,
"built_in_distance<243>",6934,98006.1,97968.2,ns,,,,,
"mshift<243>",7087,95377.6,95343.4,ns,,,,,
"mshift_promoted<243>",7139,95686.1,95637.2,ns,,,,,
"mcomp<243>",8536,81695.7,81663.3,ns,,,,,
"mcomp_promoted<243>",8821,77347.7,77316.9,ns,,,,,
"built_in<244>",9070,74863.2,74836.2,ns,,,,,
"built_in_distance<244>",9169,75835.5,75807.1,ns,,,,,
"mshift<244>",7167,94465.9,94429.8,ns,,,,,
"mshift_promoted<244>",7115,95161.2,95124.5,ns,,,,,
"mcomp<244>",9221,76134,76103.5,ns,,,,,
"mcomp_promoted<244>",8283,82711.1,82681,ns,,,,,
"new_algo<244>",6131,110846,110790,ns,,,,,
"built_in<245>",9689,70341.3,70312.3,ns,,,,,
"built_in_distance<245>",9665,71448.2,71419.6,ns,,,,,
"mshift<245>",7379,94963.8,94929.2,ns,,,,,
"mshift_promoted<245>",7116,95923.8,95890.2,ns,,,,,
"mcomp<245>",8283,82051.5,82019.6,ns,,,,,
"mcomp_promoted<245>",8684,77017.5,76988,ns,,,,,
"built_in<246>",9215,75553.8,75526.3,ns,,,,,
"built_in_distance<246>",9115,75104,75075.2,ns,,,,,
"mshift<246>",7134,95771.9,95724.1,ns,,,,,
"mshift_promoted<246>",7195,95161.4,95124.7,ns,,,,,
"mcomp<246>",8812,78111.4,78079.3,ns,,,,,
"mcomp_promoted<246>",8203,81784.4,81755.5,ns,,,,,
"new_algo<246>",6122,113352,113306,ns,,,,,
"built_in<247>",9700,69604,69575.8,ns,,,,,
"built_in_distance<247>",9885,70367.1,70340.1,ns,,,,,
"mshift<247>",7114,95676.2,95640.7,ns,,,,,
"mshift_promoted<247>",7187,95506.5,95472.1,ns,,,,,
"mcomp<247>",8394,82201.7,82159.2,ns,,,,,
"mcomp_promoted<247>",9075,77792.8,77763.2,ns,,,,,
"new_algo<247>",6059,110951,110908,ns,,,,,
"built_in<248>",7667,90452,90418.7,ns,,,,,
"built_in_distance<248>",7470,91544.7,91509.1,ns,,,,,
"mshift<248>",7180,95117.4,95078.6,ns,,,,,
"mshift_promoted<248>",7106,94726.7,94688.3,ns,,,,,
"mcomp<248>",8675,77614.4,77586.3,ns,,,,,
"mcomp_promoted<248>",8326,81413.5,81381.2,ns,,,,,
"new_algo<248>",6104,111137,111092,ns,,,,,
"built_in<249>",8676,82090.4,82055.7,ns,,,,,
"built_in_distance<249>",8534,81774.4,81741.8,ns,,,,,
"mshift<249>",7240,95530,95495,ns,,,,,
"mshift_promoted<249>",7432,94889.5,94852.4,ns,,,,,
"mcomp<249>",8340,82355.5,82322.7,ns,,,,,
"mcomp_promoted<249>",8860,77846,77814.2,ns,,,,,
"built_in<250>",9160,75446.6,75418.9,ns,,,,,
"built_in_distance<250>",8989,75328.7,75300.2,ns,,,,,
"mshift<250>",7127,94736.8,94700.2,ns,,,,,
"mshift_promoted<250>",7122,95525.1,95487.8,ns,,,,,
"mcomp<250>",8728,75588.2,75561,ns,,,,,
"mcomp_promoted<250>",8438,81251.4,81221.7,ns,,,,,
"built_in<251>",7461,92031.8,91994.6,ns,,,,,
"built_in_distance<251>",7401,91982.7,91946.5,ns,,,,,
"mshift<251>",7359,93900.3,93861.6,ns,,,,,
"mshift_promoted<251>",7082,95176.9,95142.1,ns,,,,,
"mcomp<251>",8364,82980.8,82946.7,ns,,,,,
"mcomp_promoted<251>",8685,77524.7,77485.1,ns,,,,,
"new_algo<251>",6099,111807,111762,ns,,,,,
"built_in<252>",7720,90534.5,90501.6,ns,,,,,
"built_in_distance<252>",7471,91367.8,91334,ns,,,,,
"mshift<252>",7332,94835.7,94796.3,ns,,,,,
"mshift_promoted<252>",7200,95047.1,95009.8,ns,,,,,
"mcomp<252>",8986,77207.4,77176.7,ns,,,,,
"mcomp_promoted<252>",8591,81113.9,81085.4,ns,,,,,
"new_algo<252>",6078,113305,113259,ns,,,,,
"built_in<253>",6799,100824,100772,ns,,,,,
"built_in_distance<253>",6752,100812,100773,ns,,,,,
"mshift<253>",7121,94863.8,94826.1,ns,,,,,
"mshift_promoted<253>",7153,94897.9,94863.7,ns,,,,,
"mcomp<253>",8309,81467.6,81435.3,ns,,,,,
"mcomp_promoted<253>",8999,78404.8,78372.4,ns,,,,,
"built_in<254>",7582,89718.1,89682.2,ns,,,,,
"built_in_distance<254>",7571,91524.5,91491.7,ns,,,,,
"mshift<254>",7349,95263.9,95227,ns,,,,,
"mshift_promoted<254>",7159,95376.9,95328.8,ns,,,,,
"mcomp<254>",8937,77937,77905.9,ns,,,,,
"mcomp_promoted<254>",8546,81773.3,81741,ns,,,,,
"new_algo<254>",6952,101095,101056,ns,,,,,
"built_in<255>",8729,77731.5,77699.6,ns,,,,,
"built_in_distance<255>",9027,76925.4,76895.7,ns,,,,,
"mshift<255>",7320,95700.4,95661.4,ns,,,,,
"mshift_promoted<255>",7103,95181.3,95146.1,ns,,,,,
"mcomp<255>",8221,81156,81126.7,ns,,,,,
"mcomp_promoted<255>",8698,77091.3,77060.2,ns,,,,,
"new_algo<255>",6561,103635,103594,ns,,,,,
"built_in<256>",13128,51180.2,51160.7,ns,,,,,
"built_in_distance<256>",13580,50825.5,50805.4,ns,,,,,
"mshift<256>",11470,60194.5,60170.9,ns,,,,,
"mshift_promoted<256>",11529,59744.6,59721.3,ns,,,,,
"mcomp<256>",9387,71899.1,71873.3,ns,,,,,
"mcomp_promoted<256>",9698,71922.3,71892,ns,,,,,
"built_in<257>",8871,76427.4,76396.5,ns,,,,,
"built_in_distance<257>",9009,76486,76455.1,ns,,,,,
"mshift<257>",7226,94377,94342.6,ns,,,,,
"mshift_promoted<257>",7335,94764.6,94729.2,ns,,,,,
"mcomp<257>",8271,81063.8,81031.6,ns,,,,,
"mcomp_promoted<257>",8833,78083.7,78050.9,ns,,,,,
"new_algo<257>",6469,106497,106454,ns,,,,,
"built_in<258>",8591,78944.4,78916.2,ns,,,,,
"built_in_distance<258>",8616,79492.1,79459.2,ns,,,,,
"mshift<258>",7132,94864.4,94826.6,ns,,,,,
"mshift_promoted<258>",7191,95624.9,95576.5,ns,,,,,
"mcomp<258>",8735,77473.2,77445.4,ns,,,,,
"mcomp_promoted<258>",8354,81738.7,81708.4,ns,,,,,
"new_algo<258>",6323,111917,111872,ns,,,,,
"built_in<259>",6867,101259,101219,ns,,,,,
"built_in_distance<259>",6730,101445,101403,ns,,,,,
"mshift<259>",7246,94994.5,94961.2,ns,,,,,
"mshift_promoted<259>",7163,95226.7,95193.1,ns,,,,,
"mcomp<259>",8352,82090,82058.1,ns,,,,,
"mcomp_promoted<259>",8679,76812.1,76780,ns,,,,,
"new_algo<259>",6262,110784,110743,ns,,,,,
"built_in<260>",8484,79438.9,79410.7,ns,,,,,
"built_in_distance<260>",8835,79337.3,79305.3,ns,,,,,
"mshift<260>",7294,95640.6,95603.7,ns,,,,,
"mshift_promoted<260>",7124,94934.5,94897.3,ns,,,,,
"mcomp<260>",8779,78696.2,78665.2,ns,,,,,
"mcomp_promoted<260>",8272,81630.2,81598.1,ns,,,,,
"new_algo<260>",6210,111114,111072,ns,,,,,
"built_in<261>",8556,79646.8,79607.1,ns,,,,,
"built_in_distance<261>",8801,79938.2,79908.4,ns,,,,,
"mshift<261>",7377,94976.9,94941.9,ns,,,,,
"mshift_promoted<261>",7122,97118.9,97079.9,ns,,,,,
"mcomp<261>",8487,81488.9,81454.6,ns,,,,,
"mcomp_promoted<261>",8601,77519.4,77489.1,ns,,,,,
"built_in<262>",9783,71107,71080.5,ns,,,,,
"built_in_distance<262>",9661,70371.8,70343.1,ns,,,,,
"mshift<262>",7325,95300.5,95259.9,ns,,,,,
"mshift_promoted<262>",7091,95130.5,95082.7,ns,,,,,
"mcomp<262>",8828,75929.7,75901.2,ns,,,,,
"mcomp_promoted<262>",8383,81583.7,81553.1,ns,,,,,
"built_in<263>",9448,70933.9,70904.2,ns,,,,,
"built_in_distance<263>",9927,70189.9,70162.6,ns,,,,,
"mshift<263>",7140,94730.6,94696,ns,,,,,
"mshift_promoted<263>",7332,94654.7,94620.2,ns,,,,,
"mcomp<263>",8485,81503.2,81471.9,ns,,,,,
"mcomp_promoted<263>",8857,77419.5,77386.4,ns,,,,,
"built_in<264>",8532,81837.3,81796.8,ns,,,,,
"built_in_distance<264>",8604,82190,82160.2,ns,,,,,
"mshift<264>",7221,95213.7,95177.4,ns,,,,,
"mshift_promoted<264>",7188,94005.2,93969.7,ns,,,,,
"mcomp<264>",8746,76855.3,76823.4,ns,,,,,
"mcomp_promoted<264>",8258,82304.4,82273.2,ns,,,,,
"new_algo<264>",6207,112638,112595,ns,,,,,
"built_in<265>",8551,79883.2,79852.3,ns,,,,,
"built_in_distance<265>",8566,81634.4,81602.2,ns,,,,,
"mshift<265>",7229,94830.4,94792.3,ns,,,,,
"mshift_promoted<265>",7088,94774.1,94739.9,ns,,,,,
"mcomp<265>",8535,82036.1,82003.7,ns,,,,,
"mcomp_promoted<265>",8747,76737.5,76706.8,ns,,,,,
"new_algo<265>",6049,111818,111773,ns,,,,,
"built_in<266>",9491,70271.8,70245.6,ns,,,,,
"built_in_distance<266>",9941,70778.7,70749.5,ns,,,,,
"mshift<266>",7228,95483.4,95447,ns,,,,,
"mshift_promoted<266>",7093,94460.1,94423.2,ns,,,,,
"mcomp<266>",8734,77162,77133.2,ns,,,,,
"mcomp_promoted<266>",8419,81099.2,81069.1,ns,,,,,
"new_algo<266>",6283,111839,111793,ns,,,,,
"built_in<267>",9735,69844.2,69819.2,ns,,,,,
"built_in_distance<267>",9740,69865.4,69837.7,ns,,,,,
"mshift<267>",7216,94921,94887.7,ns,,,,,
"mshift_promoted<267>",7102,95032.8,94996,ns,,,,,
"mcomp<267>",8575,82365.7,82331.8,ns,,,,,
"mcomp_promoted<267>",8942,76390.8,76360.8,ns,,,,,
"new_algo<267>",6124,111422,111382,ns,,,,,
"built_in<268>",9785,70886.5,70861.1,ns,,,,,
"built_in_distance<268>",9992,70809,70781,ns,,,,,
"mshift<268>",7401,95758.4,95720.4,ns,,,,,
"mshift_promoted<268>",7104,95600.4,95562.8,ns,,,,,
"mcomp<268>",8776,78165.3,78136.4,ns,,,,,
"mcomp_promoted<268>",8285,81825.5,81791.7,ns,,,,,
"built_in<269>",9633,70313.6,70286.1,ns,,,,,
"built_in_distance<269>",9644,70280.2,70251.9,ns,,,,,
"mshift<269>",7071,95227.6,95192.7,ns,,,,,
"mshift_promoted<269>",7226,94996,94957.9,ns,,,,,
"mcomp<269>",8492,82472,82437.5,ns,,,,,
"mcomp_promoted<269>",8838,77111.4,77081.3,ns,,,,,
"built_in<270>",9822,70927.7,70901,ns,,,,,
"built_in_distance<270>",9808,70437.9,70411.7,ns,,,,,
"mshift<270>",7122,95269.5,95231.9,ns,,,,,
"mshift_promoted<270>",7386,94986.8,94949.3,ns,,,,,
"mcomp<270>",9059,77002.7,76973.3,ns,,,,,
"mcomp_promoted<270>",8353,82546.1,82514.7,ns,,,,,
"new_algo<270>",6071,111221,111164,ns,,,,,
"built_in<271>",9606,71096.6,71068.1,ns,,,,,
"built_in_distance<271>",9973,70548.9,70522.3,ns,,,,,
"mshift<271>",7145,94470.2,94435.2,ns,,,,,
"mshift_promoted<271>",7151,95237.7,95200.8,ns,,,,,
"mcomp<271>",8282,82107.4,82074.8,ns,,,,,
"mcomp_promoted<271>",8872,77522,77491.8,ns,,,,,
"built_in<272>",8549,79366.9,79336.5,ns,,,,,
"built_in_distance<272>",8625,80894.8,80865.3,ns,,,,,
"mshift<272>",7120,95015.4,94967,ns,,,,,
"mshift_promoted<272>",7279,96079.3,96041.5,ns,,,,,
"mcomp<272>",8843,77252.1,77222.4,ns,,,,,
"mcomp_promoted<272>",8556,81250.4,81221.3,ns,,,,,
"new_algo<272>",6037,112801,112760,ns,,,,,
"built_in<273>",7331,91458.2,91421.2,ns,,,,,
"built_in_distance<273>",7320,92410.9,92374,ns,,,,,
"mshift<273>",7408,95304.2,95266.5,ns,,,,,
"mshift_promoted<273>",7369,95519.4,95485.1,ns,,,,,
"mcomp<273>",8377,81878.5,81837.2,ns,,,,,
"mcomp_promoted<273>",9302,76838.6,76808.3,ns,,,,,
"new_algo<273>",6116,116370,116323,ns,,,,,
"built_in<274>",8894,74800.8,74774.6,ns,,,,,
"built_in_distance<274>",9031,75286.3,75259.1,ns,,,,,
"mshift<274>",7442,95210.7,95172.7,ns,,,,,
"mshift_promoted<274>",7304,95393.3,95354.6,ns,,,,,
"mcomp<274>",8820,76866.4,76835.4,ns,,,,,
"mcomp_promoted<274>",8475,80672.5,80644.3,ns,,,,,
"built_in<275>",9727,70420.5,70392.5,ns,,,,,
"built_in_distance<275>",9637,70854.9,70827.2,ns,,,,,
"mshift<275>",7121,94988.6,94951.2,ns,,,,,
"mshift_promoted<275>",7080,95086.2,95051.9,ns,,,,,
"mcomp<275>",8208,81634.4,81601.7,ns,,,,,
"mcomp_promoted<275>",9163,76931.5,76900.8,ns,,,,,
"new_algo<275>",6348,111116,111071,ns,,,,,
"built_in<276>",9727,70984,70955.4,ns,,,,,
"built_in_distance<276>",9594,69728.8,69703,ns,,,,,
"mshift<276>",7254,95412.8,95374.6,ns,,,,,
"mshift_promoted<276>",7366,94007,93970.8,ns,,,,,
"mcomp<276>",8883,78181.6,78151.6,ns,,,,,
"mcomp_promoted<276>",8250,81271.5,81241.8,ns,,,,,
"new_algo<276>",6072,111243,111198,ns,,,,,
"built_in<277>",9464,70409.1,70381.1,ns,,,,,
"built_in_distance<277>",9624,70900.9,70873.3,ns,,,,,
"mshift<277>",7227,96273.2,96238.5,ns,,,,,
"mshift_promoted<277>",7199,94848.9,94815.7,ns,,,,,
"mcomp<277>",8415,81209.7,81176.5,ns,,,,,
"mcomp_promoted<277>",8784,78346.3,78315.2,ns,,,,,
"built_in<278>",9772,69976.2,69948.4,ns,,,,,
"built_in_distance<278>",9730,69919.1,69894.7,ns,,,,,
"mshift<278>",7207,94455.4,94418.6,ns,,,,,
"mshift_promoted<278>",7151,95469.2,95430.1,ns,,,,,
"mcomp<278>",8799,78275.3,78244,ns,,,,,
"mcomp_promoted<278>",8463,81669.2,81639.4,ns,,,,,
"built_in<279>",8576,80565.8,80534,ns,,,,,
"built_in_distance<279>",8522,81105.7,81064.6,ns,,,,,
"mshift<279>",7330,95185.4,95146,ns,,,,,
"mshift_promoted<279>",7448,96198.8,96159.9,ns,,,,,
"mcomp<279>",8329,82439.8,82410,ns,,,,,
"mcomp_promoted<279>",8915,77258.8,77229.5,ns,,,,,
"new_algo<279>",6035,111338,111295,ns,,,,,
"built_in<280>",9624,69599.4,69571,ns,,,,,
"built_in_distance<280>",9706,70490.9,70464.5,ns,,,,,
"mshift<280>",7124,95070.4,95033.9,ns,,,,,
"mshift_promoted<280>",7123,95512,95473.9,ns,,,,,
"mcomp<280>",9177,76225.6,76195.6,ns,,,,,
"mcomp_promoted<280>",8627,81749,81719.5,ns,,,,,
"new_algo<280>",6126,113175,113133,ns,,,,,
"built_in<281>",7512,91398.5,91363.6,ns,,,,,
"built_in_distance<281>",7564,92508.1,92471.6,ns,,,,,
"mshift<281>",7133,96176.1,96138.1,ns,,,,,
"mshift_promoted<281>",7446,95249,95213.4,ns,,,,,
"mcomp<281>",8354,81175.1,81141.4,ns,,,,,
"mcomp_promoted<281>",8621,77258.4,77227.5,ns,,,,,
"built_in<282>",9942,70822.9,70794.5,ns,,,,,
"built_in_distance<282>",9570,70656.3,70630.3,ns,,,,,
"mshift<282>",7262,94349.4,94316,ns,,,,,
"mshift_promoted<282>",7365,95646.4,95608,ns,,,,,
"mcomp<282>",8946,76701.1,76671.2,ns,,,,,
"mcomp_promoted<282>",8305,81625.1,81593.5,ns,,,,,
"new_algo<282>",6132,110622,110583,ns,,,,,
"built_in<283>",9826,70525.3,70497.8,ns,,,,,
"built_in_distance<283>",9644,70460.3,70424.7,ns,,,,,
"mshift<283>",7040,95189.5,95152.3,ns,,,,,
"mshift_promoted<283>",7225,94131.9,94098,ns,,,,,
"mcomp<283>",8356,81309.7,81278,ns,,,,,
"mcomp_promoted<283>",9029,76588.4,76559.2,ns,,,,,
"built_in<284>",8948,74916.5,74885.8,ns,,,,,
"built_in_distance<284>",8931,75170.3,75142.8,ns,,,,,
"mshift<284>",7153,95931.5,95897.5,ns,,,,,
"mshift_promoted<284>",7149,95945.3,95908.3,ns,,,,,
"mcomp<284>",8848,76706.9,76667.3,ns,,,,,
"mcomp_promoted<284>",8347,81502,81468.2,ns,,,,,
"new_algo<284>",6172,111518,111477,ns,,,,,
"built_in<285>",7585,92659.3,92619.5,ns,,,,,
"built_in_distance<285>",7348,93138.9,93101.1,ns,,,,,
"mshift<285>",7087,94992.6,94955.8,ns,,,,,
"mshift_promoted<285>",7107,94871.8,94836.1,ns,,,,,
"mcomp<285>",8428,81371.5,81342.2,ns,,,,,
"mcomp_promoted<285>",8997,77749.9,77718.9,ns,,,,,
"new_algo<285>",6261,111649,111592,ns,,,,,
"built_in<286>",9807,69888.8,69861.7,ns,,,,,
"built_in_distance<286>",9821,70625.3,70598.5,ns,,,,,
"mshift<286>",7089,94731.6,94694.3,ns,,,,,
"mshift_promoted<286>",7253,95903.1,95865.2,ns,,,,,
"mcomp<286>",9040,76028.9,76000.1,ns,,,,,
"mcomp_promoted<286>",8477,81452.9,81423.6,ns,,,,,
"new_algo<286>",6181,111341,111297,ns,,,,,
"built_in<287>",8452,80476.1,80443.8,ns,,,,,
"built_in_distance<287>",8716,79704.1,79664.5,ns,,,,,
"mshift<287>",7143,94906.6,94870.5,ns,,,,,
"mshift_promoted<287>",7096,94454.7,94419.8,ns,,,,,
"mcomp<287>",8365,80991,80958.6,ns,,,,,
"mcomp_promoted<287>",8808,76947.2,76916.6,ns,,,,,
"new_algo<287>",6276,110508,110464,ns,,,,,
"built_in<288>",9178,74204.2,74177,ns,,,,,
"built_in_distance<288>",8948,74721.1,74690.7,ns,,,,,
"mshift<288>",7387,94795.9,94757.6,ns,,,,,
"mshift_promoted<288>",7263,94881.6,94833.1,ns,,,,,
"mcomp<288>",8629,77973.7,77946.6,ns,,,,,
"mcomp_promoted<288>",8565,81212.2,81183.2,ns,,,,,
"new_algo<288>",6051,111284,111240,ns,,,,,
"built_in<289>",8735,79398.5,79367.8,ns,,,,,
"built_in_distance<289>",8440,80147,80115,ns,,,,,
"mshift<289>",7115,94699.9,94666.5,ns,,,,,
"mshift_promoted<289>",7322,95220.3,95183.2,ns,,,,,
"mcomp<289>",8313,80640,80609.4,ns,,,,,
"mcomp_promoted<289>",8787,77480.6,77446.1,ns,,,,,
"built_in<290>",9429,70728.4,70702.9,ns,,,,,
"built_in_distance<290>",9583,71006.5,70978.7,ns,,,,,
"mshift<290>",7233,94522.5,94485.8,ns,,,,,
"mshift_promoted<290>",7331,94395.5,94360,ns,,,,,
"mcomp<290>",9028,76655.2,76628.7,ns,,,,,
"mcomp_promoted<290>",8426,80609.7,80580.4,ns,,,,,
"new_algo<290>",6298,110734,110691,ns,,,,,
"built_in<291>",9759,70378.7,70351.8,ns,,,,,
"built_in_distance<291>",9455,71156,71120.6,ns,,,,,
"mshift<291>",7272,94611.5,94577.9,ns,,,,,
"mshift_promoted<291>",7170,95158.3,95120.1,ns,,,,,
"mcomp<291>",8349,81984,81951.7,ns,,,,,
"mcomp_promoted<291>",9125,77473.4,77443.3,ns,,,,,
"new_algo<291>",6230,111559,111517,ns,,,,,
"built_in<292>",8433,79331.4,79302.9,ns,,,,,
"built_in_distance<292>",8622,79076.5,79044.8,ns,,,,,
"mshift<292>",7268,95310.5,95272.4,ns,,,,,
"mshift_promoted<292>",7245,95484.2,95436.4,ns,,,,,
"mcomp<292>",8800,76333.2,76305.6,ns,,,,,
"mcomp_promoted<292>",8386,80643.1,80611.7,ns,,,,,
"new_algo<292>",6119,111816,111767,ns,,,,,
"built_in<293>",8318,82401,82370.7,ns,,,,,
"built_in_distance<293>",8267,82127.6,82097.7,ns,,,,,
"mshift<293>",7313,93936.6,93900,ns,,,,,
"mshift_promoted<293>",7068,94693.4,94656.2,ns,,,,,
"mcomp<293>",8506,82010.2,81976.6,ns,,,,,
"mcomp_promoted<293>",8773,78517.5,78488.8,ns,,,,,
"built_in<294>",9232,74709.3,74682.2,ns,,,,,
"built_in_distance<294>",9089,74945.9,74916.9,ns,,,,,
"mshift<294>",7143,95384.6,95345.3,ns,,,,,
"mshift_promoted<294>",7334,94906.7,94868.1,ns,,,,,
"mcomp<294>",8963,77056.5,77027.2,ns,,,,,
"mcomp_promoted<294>",8301,81317,81285.6,ns,,,,,
"new_algo<294>",6143,110642,110599,ns,,,,,
"built_in<295>",9486,70906.6,70878.7,ns,,,,,
"built_in_distance<295>",9639,70412.8,70387.6,ns,,,,,
"mshift<295>",5453,130801,130752,ns,,,,,
"mshift_promoted<295>",7204,94242.6,94205.9,ns,,,,,
"mcomp<295>",8188,81134.7,81103.2,ns,,,,,
"mcomp_promoted<295>",8696,77849.3,77819.4,ns,,,,,
"built_in<296>",8698,80064.5,80035.3,ns,,,,,
"built_in_distance<296>",8505,79643.1,79610.5,ns,,,,,
"mshift<296>",7238,95271.7,95235.1,ns,,,,,
"mshift_promoted<296>",7144,96225.1,96186.8,ns,,,,,
"mcomp<296>",8725,78200.8,78172,ns,,,,,
"mcomp_promoted<296>",8173,81758.2,81725.6,ns,,,,,
"new_algo<296>",6093,111092,111048,ns,,,,,
"built_in<297>",8566,81441.3,81409.6,ns,,,,,
"built_in_distance<297>",8169,81261,81231.2,ns,,,,,
"mshift<297>",7153,95494.7,95460.6,ns,,,,,
"mshift_promoted<297>",7484,94665.1,94628.8,ns,,,,,
"mcomp<297>",8649,80992.5,80960.5,ns,,,,,
"mcomp_promoted<297>",8937,76069.9,76041.1,ns,,,,,
"built_in<298>",6872,102192,102155,ns,,,,,
"built_in_distance<298>",9696,70746.5,70718.3,ns,,,,,
"mshift<298>",7356,94706.6,94669.7,ns,,,,,
"mshift_promoted<298>",7176,93574.3,93537.3,ns,,,,,
"mcomp<298>",8763,77138.9,77110.3,ns,,,,,
"mcomp_promoted<298>",8687,81714.4,81684.3,ns,,,,,
"built_in<299>",9455,70106,70078.7,ns,,,,,
"built_in_distance<299>",9693,69952.3,69925.3,ns,,,,,
"mshift<299>",7088,94712.5,94673.7,ns,,,,,
"mshift_promoted<299>",7332,94864.7,94829.4,ns,,,,,
"mcomp<299>",8425,82439.8,82397.6,ns,,,,,
"mcomp_promoted<299>",8764,78282.4,78251.7,ns,,,,,
"built_in<300>",9905,70514.8,70487.1,ns,,,,,
"built_in_distance<300>",9673,71319.2,71292,ns,,,,,
"mshift<300>",7128,94479,94441.9,ns,,,,,
"mshift_promoted<300>",7098,94637.6,94599.8,ns,,,,,
"mcomp<300>",8738,77928.1,77899,ns,,,,,
"mcomp_promoted<300>",8207,82253.6,82223.1,ns,,,,,
"new_algo<300>",6086,111966,111924,ns,,,,,
"built_in<301>",9967,70166.3,70132,ns,,,,,
"built_in_distance<301>",9623,70482.1,70454.9,ns,,,,,
"mshift<301>",7225,96320.1,96282.5,ns,,,,,
"mshift_promoted<301>",7088,94100.6,94066.3,ns,,,,,
"mcomp<301>",8228,81178.9,81146.5,ns,,,,,
"mcomp_promoted<301>",8569,78208.7,78177.9,ns,,,,,
"new_algo<301>",6092,111292,111250,ns,,,,,
"built_in<302>",9661,71249.1,71223.5,ns,,,,,
"built_in_distance<302>",9741,70472.3,70444.2,ns,,,,,
"mshift<302>",7364,95318.7,95267.1,ns,,,,,
"mshift_promoted<302>",7099,95721.2,95682.8,ns,,,,,
"mcomp<302>",8710,77295.7,77268.9,ns,,,,,
"mcomp_promoted<302>",8575,81279.4,81250.5,ns,,,,,
"new_algo<302>",6280,111091,111049,ns,,,,,
"built_in<303>",9634,70829,70801.4,ns,,,,,
"built_in_distance<303>",9674,70519.2,70491.4,ns,,,,,
"mshift<303>",7223,95118.5,95084.8,ns,,,,,
"mshift_promoted<303>",7237,96055.7,96016.9,ns,,,,,
"mcomp<303>",8390,81322.4,81290.7,ns,,,,,
"mcomp_promoted<303>",9056,77226.5,77196.8,ns,,,,,
"built_in<304>",8486,78888.5,78859.7,ns,,,,,
"built_in_distance<304>",8561,79038.6,79007.9,ns,,,,,
"mshift<304>",7328,95612.7,95574.8,ns,,,,,
"mshift_promoted<304>",7256,94879.4,94842.4,ns,,,,,
"mcomp<304>",9024,76371.2,76341,ns,,,,,
"mcomp_promoted<304>",8355,81010.5,80980.7,ns,,,,,
"new_algo<304>",6105,112597,112552,ns,,,,,
"built_in<305>",9769,70687,70651.9,ns,,,,,
"built_in_distance<305>",9841,70432.9,70405.4,ns,,,,,
"mshift<305>",7287,93892.3,93859.8,ns,,,,,
"mshift_promoted<305>",7134,94740.8,94702.3,ns,,,,,
"mcomp<305>",8372,81230.1,81198.1,ns,,,,,
"mcomp_promoted<305>",8806,77260.8,77231.3,ns,,,,,
"new_algo<305>",6330,110549,110510,ns,,,,,
"built_in<306>",9926,70294.9,70269.6,ns,,,,,
"built_in_distance<306>",9542,71307.5,71276.9,ns,,,,,
"mshift<306>",7220,95306.7,95258.2,ns,,,,,
"mshift_promoted<306>",7136,94445.3,94409.6,ns,,,,,
"mcomp<306>",8811,76931.6,76904.2,ns,,,,,
"mcomp_promoted<306>",8485,80794.8,80763.3,ns,,,,,
"new_algo<306>",6410,111449,111403,ns,,,,,
"built_in<307>",9795,70937.8,70909.1,ns,,,,,
"built_in_distance<307>",9439,71351.5,71325.5,ns,,,,,
"mshift<307>",7111,93890.2,93857.3,ns,,,,,
"mshift_promoted<307>",7128,95471.1,95432.5,ns,,,,,
"mcomp<307>",8577,81634.5,81592.4,ns,,,,,
"mcomp_promoted<307>",8550,79015.7,78985.1,ns,,,,,
"built_in<308>",9447,71190.1,71163.2,ns,,,,,
"built_in_distance<308>",9863,70671.4,70641.6,ns,,,,,
"mshift<308>",7307,94531.4,94493.5,ns,,,,,
"mshift_promoted<308>",7282,94801,94762.7,ns,,,,,
"mcomp<308>",9047,77410,77381.8,ns,,,,,
"mcomp_promoted<308>",8370,80865.1,80833.3,ns,,,,,
"new_algo<308>",6121,110392,110350,ns,,,,,
"built_in<309>",9536,71873.4,71844.4,ns,,,,,
"built_in_distance<309>",9803,70243.7,70218.4,ns,,,,,
"mshift<309>",7205,95514,95479.2,ns,,,,,
"mshift_promoted<309>",7155,94405.5,94369.6,ns,,,,,
"mcomp<309>",8358,81293,81260.7,ns,,,,,
"mcomp_promoted<309>",8676,78411.4,78380.3,ns,,,,,
"built_in<310>",9440,71290.1,71264.9,ns,,,,,
"built_in_distance<310>",9668,70635.9,70607.9,ns,,,,,
"mshift<310>",7117,94757.8,94721.8,ns,,,,,
"mshift_promoted<310>",7128,96681.8,96632.5,ns,,,,,
"mcomp<310>",8690,77788,77760.8,ns,,,,,
"mcomp_promoted<310>",8597,81050.2,81018.9,ns,,,,,
"new_algo<310>",6311,109997,109954,ns,,,,,
"built_in<311>",9583,70842.6,70816.6,ns,,,,,
"built_in_distance<311>",9745,70691.8,70666.1,ns,,,,,
"mshift<311>",7093,94323.9,94291,ns,,,,,
"mshift_promoted<311>",7095,94973.7,94936.2,ns,,,,,
"mcomp<311>",8288,81402,81368.8,ns,,,,,
"mcomp_promoted<311>",9013,76474.3,76446.3,ns,,,,,
"built_in<312>",9037,74597.2,74571.2,ns,,,,,
"built_in_distance<312>",9119,74329.3,74300.4,ns,,,,,
"mshift<312>",7110,95333.1,95295.9,ns,,,,,
"mshift_promoted<312>",7386,94582.8,94542.6,ns,,,,,
"mcomp<312>",8833,76634.9,76608.2,ns,,,,,
"mcomp_promoted<312>",8454,80922.9,80892.1,ns,,,,,
"new_algo<312>",6090,111356,111313,ns,,,,,
"built_in<313>",7427,91244.4,91209.7,ns,,,,,
"built_in_distance<313>",7489,92362,92326.4,ns,,,,,
"mshift<313>",7131,94417.8,94384.5,ns,,,,,
"mshift_promoted<313>",7323,95452.7,95416.4,ns,,,,,
"mcomp<313>",8197,81538.8,81507.3,ns,,,,,
"mcomp_promoted<313>",9011,76988.6,76958.6,ns,,,,,
"built_in<314>",9620,70728.2,70702,ns,,,,,
"built_in_distance<314>",9610,70808.3,70780.9,ns,,,,,
"mshift<314>",7111,94495.8,94459.3,ns,,,,,
"mshift_promoted<314>",7427,94989.4,94952.6,ns,,,,,
"mcomp<314>",8415,79481.9,79452.3,ns,,,,,
"mcomp_promoted<314>",8352,82712.1,82670.2,ns,,,,,
"new_algo<314>",6153,111668,111621,ns,,,,,
"built_in<315>",6792,101193,101154,ns,,,,,
"built_in_distance<315>",6708,101439,101398,ns,,,,,
"mshift<315>",7322,94500.4,94465.4,ns,,,,,
"mshift_promoted<315>",7172,94850.4,94812.5,ns,,,,,
"mcomp<315>",8409,81948.6,81916.2,ns,,,,,
"mcomp_promoted<315>",8772,76576.3,76546.5,ns,,,,,
"new_algo<315>",6058,110031,109992,ns,,,,,
"built_in<316>",9855,70626.3,70597.3,ns,,,,,
"built_in_distance<316>",9555,71196.6,71169.3,ns,,,,,
"mshift<316>",7137,94538.1,94500.4,ns,,,,,
"mshift_promoted<316>",7263,94288.4,94255.1,ns,,,,,
"mcomp<316>",8766,76618.6,76590.8,ns,,,,,
"mcomp_promoted<316>",8602,81902,81870.2,ns,,,,,
"new_algo<316>",6385,111935,111892,ns,,,,,
"built_in<317>",9494,70323.3,70295.3,ns,,,,,
"built_in_distance<317>",9809,70634.6,70609.4,ns,,,,,
"mshift<317>",7331,96350.1,96310.7,ns,,,,,
"mshift_promoted<317>",7425,95416.2,95379.3,ns,,,,,
"mcomp<317>",8369,81510.9,81478.5,ns,,,,,
"mcomp_promoted<317>",8857,77135.3,77106.6,ns,,,,,
"built_in<318>",9771,70369.6,70342.6,ns,,,,,
"built_in_distance<318>",9653,70272.4,70244.4,ns,,,,,
"mshift<318>",7097,95658.3,95621.5,ns,,,,,
"mshift_promoted<318>",7303,94789.6,94752.6,ns,,,,,
"mcomp<318>",8651,78660.3,78630.2,ns,,,,,
"mcomp_promoted<318>",8395,81923.5,81889.8,ns,,,,,
"new_algo<318>",6181,109780,109738,ns,,,,,
"built_in<319>",8710,79991.8,79960.8,ns,,,,,
"built_in_distance<319>",8498,80106.7,80078.2,ns,,,,,
"mshift<319>",7108,94477.8,94439.4,ns,,,,,
"mshift_promoted<319>",7380,94725.3,94687.9,ns,,,,,
"mcomp<319>",8755,81504.5,81471.9,ns,,,,,
"mcomp_promoted<319>",9039,77528.1,77498.5,ns,,,,,
"built_in<320>",9429,73931.9,73905.5,ns,,,,,
"built_in_distance<320>",8957,74351.2,74312.3,ns,,,,,
"mshift<320>",7086,94895.6,94858.8,ns,,,,,
"mshift_promoted<320>",7146,95258.9,95222.3,ns,,,,,
"mcomp<320>",8712,76065.6,76039.1,ns,,,,,
"mcomp_promoted<320>",8240,81120.5,81088.4,ns,,,,,
"new_algo<320>",6241,111935,111888,ns,,,,,
"built_in<321>",8465,80480.6,80449.2,ns,,,,,
"built_in_distance<321>",8533,79939.8,79911.6,ns,,,,,
"mshift<321>",7370,94947.2,94913.4,ns,,,,,
"mshift_promoted<321>",7081,95135.8,95088.5,ns,,,,,
"mcomp<321>",8597,81875.4,81842.9,ns,,,,,
"mcomp_promoted<321>",8683,77141,77110.8,ns,,,,,
"built_in<322>",9243,74385.3,74358.4,ns,,,,,
"built_in_distance<322>",9075,73884.7,73856,ns,,,,,
"mshift<322>",7337,95706.1,95667.4,ns,,,,,
"mshift_promoted<322>",7108,96257.2,96219,ns,,,,,
"mcomp<322>",8799,76926.7,76897.7,ns,,,,,
"mcomp_promoted<322>",8317,81364.1,81332,ns,,,,,
"new_algo<322>",6073,110817,110773,ns,,,,,
"built_in<323>",7569,91661.2,91624.9,ns,,,,,
"built_in_distance<323>",7607,90828.5,90796.4,ns,,,,,
"mshift<323>",7118,94376.3,94340.3,ns,,,,,
"mshift_promoted<323>",7244,95105.7,95069,ns,,,,,
"mcomp<323>",8322,81053.3,81021.9,ns,,,,,
"mcomp_promoted<323>",8638,77582.6,77552.2,ns,,,,,
"built_in<324>",7808,85330.1,85299.7,ns,,,,,
"built_in_distance<324>",7916,85440.8,85406.5,ns,,,,,
"mshift<324>",7249,94305.1,94258.5,ns,,,,,
"mshift_promoted<324>",7372,95566.6,95528.8,ns,,,,,
"mcomp<324>",8786,77338.7,77310.9,ns,,,,,
"mcomp_promoted<324>",8448,81234.4,81202.5,ns,,,,,
"new_algo<324>",6101,110462,110419,ns,,,,,
"built_in<325>",8262,80828.2,80796.1,ns,,,,,
"built_in_distance<325>",8471,81486.7,81457.4,ns,,,,,
"mshift<325>",7190,94897.9,94864.4,ns,,,,,
"mshift_promoted<325>",7106,95477.6,95439.7,ns,,,,,
"mcomp<325>",8426,81429.1,81395.1,ns,,,,,
"mcomp_promoted<325>",8870,77604.6,77573.2,ns,,,,,
"new_algo<325>",6358,110127,110089,ns,,,,,
"built_in<326>",9737,70472,70444.8,ns,,,,,
"built_in_distance<326>",9680,70574.4,70546.8,ns,,,,,
"mshift<326>",7138,95947.8,95908.4,ns,,,,,
"mshift_promoted<326>",7317,96792.9,96756.5,ns,,,,,
"mcomp<326>",9009,76697.4,76670.3,ns,,,,,
"mcomp_promoted<326>",8402,82118.3,82086,ns,,,,,
"built_in<327>",7337,91503.1,91457.3,ns,,,,,
"built_in_distance<327>",7388,92540.9,92501.7,ns,,,,,
"mshift<327>",7398,95759.7,95724.6,ns,,,,,
"mshift_promoted<327>",7115,95310,95273.9,ns,,,,,
"mcomp<327>",8296,81621.5,81589.6,ns,,,,,
"mcomp_promoted<327>",8848,77343.7,77313.4,ns,,,,,
"new_algo<327>",6273,111747,111704,ns,,,,,
"built_in<328>",8660,80347.6,80318.2,ns,,,,,
"built_in_distance<328>",8605,79407.3,79377,ns,,,,,
"mshift<328>",7104,94291.9,94245.4,ns,,,,,
"mshift_promoted<328>",7307,95367,95330.2,ns,,,,,
"mcomp<328>",8862,78354.4,78324.3,ns,,,,,
"mcomp_promoted<328>",8363,82349.1,82317.1,ns,,,,,
"new_algo<328>",6190,111067,111024,ns,,,,,
"built_in<329>",6897,99017.3,98978.7,ns,,,,,
"built_in_distance<329>",7002,98379.3,98340.5,ns,,,,,
"mshift<329>",7287,94488.3,94452.6,ns,,,,,
"mshift_promoted<329>",7448,95575,95537.7,ns,,,,,
"mcomp<329>",8276,81661.2,81620.2,ns,,,,,
"mcomp_promoted<329>",8493,79637.4,79605.8,ns,,,,,
"built_in<330>",9513,70871.4,70843,ns,,,,,
"built_in_distance<330>",9836,70821.2,70792.4,ns,,,,,
"mshift<330>",7395,95060.6,95022.2,ns,,,,,
"mshift_promoted<330>",7301,95437.2,95400.2,ns,,,,,
"mcomp<330>",8857,78493.7,78465.1,ns,,,,,
"mcomp_promoted<330>",8595,81876.3,81845.7,ns,,,,,
"new_algo<330>",6341,111030,110985,ns,,,,,
"built_in<331>",9652,70328.1,70293.6,ns,,,,,
"built_in_distance<331>",9510,70161.6,70133.7,ns,,,,,
"mshift<331>",7085,93902.7,93869.3,ns,,,,,
"mshift_promoted<331>",7360,95465.8,95427.8,ns,,,,,
"mcomp<331>",8304,81716.4,81684.4,ns,,,,,
"mcomp_promoted<331>",8777,76666.2,76635.9,ns,,,,,
"new_algo<331>",6116,110948,110908,ns,,,,,
"built_in<332>",9632,70838.7,70813,ns,,,,,
"built_in_distance<332>",9714,70885.6,70857.3,ns,,,,,
"mshift<332>",7082,94545.7,94499.2,ns,,,,,
"mshift_promoted<332>",7217,95648.9,95610.5,ns,,,,,
"mcomp<332>",9047,77371.6,77343.4,ns,,,,,
"mcomp_promoted<332>",8415,81055.8,81023.7,ns,,,,,
"built_in<333>",7047,97948.3,97910.9,ns,,,,,
"built_in_distance<333>",7011,98263.4,98225.1,ns,,,,,
"mshift<333>",7131,95168,95132.6,ns,,,,,
"mshift_promoted<333>",7104,95264.5,95230.3,ns,,,,,
"mcomp<333>",8444,81008.4,80977.3,ns,,,,,
"mcomp_promoted<333>",8938,75538.5,75502.1,ns,,,,,
"new_algo<333>",6091,110787,110745,ns,,,,,
"built_in<334>",9766,70855.4,70828.7,ns,,,,,
"built_in_distance<334>",9904,71201.3,71169.6,ns,,,,,
"mshift<334>",7139,94583.5,94546.6,ns,,,,,
"mshift_promoted<334>",7234,95107.6,95070.9,ns,,,,,
"mcomp<334>",9105,76717.5,76690.7,ns,,,,,
"mcomp_promoted<334>",8268,81630.8,81597.4,ns,,,,,
"built_in<335>",9679,70410.2,70383,ns,,,,,
"built_in_distance<335>",9683,69965.9,69931.5,ns,,,,,
"mshift<335>",7204,95121.7,95087.9,ns,,,,,
"mshift_promoted<335>",7369,95751.3,95717.5,ns,,,,,
"mcomp<335>",8582,81804.2,81769.4,ns,,,,,
"mcomp_promoted<335>",8919,76804.1,76774.7,ns,,,,,
"built_in<336>",8509,82904.5,82870.7,ns,,,,,
"built_in_distance<336>",8302,81998.3,81968.4,ns,,,,,
"mshift<336>",7245,95259.5,95222.4,ns,,,,,
"mshift_promoted<336>",7081,95752.5,95711.8,ns,,,,,
"mcomp<336>",9218,76906.1,76875.8,ns,,,,,
"mcomp_promoted<336>",8170,81124.3,81095.5,ns,,,,,
"new_algo<336>",6265,110167,110127,ns,,,,,
"built_in<337>",9674,71123.7,71096.1,ns,,,,,
"built_in_distance<337>",9756,70478.6,70450,ns,,,,,
"mshift<337>",7251,95328.8,95291.8,ns,,,,,
"mshift_promoted<337>",7140,95401.4,95367,ns,,,,,
"mcomp<337>",8537,81017.2,80985.9,ns,,,,,
"mcomp_promoted<337>",8708,77141.8,77110.7,ns,,,,,
"new_algo<337>",6711,100719,100668,ns,,,,,
"built_in<338>",9103,74877.3,74850.8,ns,,,,,
"built_in_distance<338>",9210,74903.2,74874.5,ns,,,,,
"mshift<338>",7109,95142.5,95105.8,ns,,,,,
"mshift_promoted<338>",7333,96287.2,96249,ns,,,,,
"mcomp<338>",8971,76606.9,76579.7,ns,,,,,
"mcomp_promoted<338>",8598,81380.1,81350.4,ns,,,,,
"built_in<339>",9711,70524.8,70497.2,ns,,,,,
"built_in_distance<339>",9819,71011.6,70983.4,ns,,,,,
"mshift<339>",7306,94828.7,94782.3,ns,,,,,
"mshift_promoted<339>",7079,95499.6,95465.6,ns,,,,,
"mcomp<339>",8284,81603.4,81570.2,ns,,,,,
"mcomp_promoted<339>",8777,77940.8,77910.2,ns,,,,,
"new_algo<339>",6387,111708,111663,ns,,,,,
"built_in<340>",9458,70355.6,70331,ns,,,,,
"built_in_distance<340>",9545,70449.9,70422,ns,,,,,
"mshift<340>",7177,94897.3,94859.6,ns,,,,,
"mshift_promoted<340>",7086,96139.2,96103.9,ns,,,,,
"mcomp<340>",8755,77253.5,77226.7,ns,,,,,
"mcomp_promoted<340>",8346,81638.7,81610.3,ns,,,,,
"new_algo<340>",6192,111917,111872,ns,,,,,
"built_in<341>",7392,91231.8,91194.3,ns,,,,,
"built_in_distance<341>",7378,92757.9,92720.4,ns,,,,,
"mshift<341>",7182,95233.3,95200.4,ns,,,,,
"mshift_promoted<341>",7085,95422.8,95386.3,ns,,,,,
"mcomp<341>",8283,80974.8,80944,ns,,,,,
"mcomp_promoted<341>",8856,76743.3,76710.8,ns,,,,,
"new_algo<341>",6218,112581,112540,ns,,,,,
"built_in<342>",9763,70883.8,70857.2,ns,,,,,
"built_in_distance<342>",9647,70738.7,70711.6,ns,,,,,
"mshift<342>",7459,94473.8,94437.4,ns,,,,,
"mshift_promoted<342>",7101,95170.1,95130.7,ns,,,,,
"mcomp<342>",8621,77927.2,77899.2,ns,,,,,
"mcomp_promoted<342>",8431,81859,81827.5,ns,,,,,
"new_algo<342>",6263,111769,111727,ns,,,,,
"built_in<343>",9812,70987.2,70958.5,ns,,,,,
"built_in_distance<343>",9697,70479.8,70453.4,ns,,,,,
"mshift<343>",7138,95187.4,95153.6,ns,,,,,
"mshift_promoted<343>",7223,95343,95307,ns,,,,,
"mcomp<343>",8411,81220.5,81189.9,ns,,,,,
"mcomp_promoted<343>",8786,77054.8,77025.3,ns,,,,,
"built_in<344>",9439,70662.5,70636.1,ns,,,,,
"built_in_distance<344>",9613,70595.7,70568.6,ns,,,,,
"mshift<344>",7263,95519.9,95482.9,ns,,,,,
"mshift_promoted<344>",7250,94067.8,94031.7,ns,,,,,
"mcomp<344>",8835,78024,77995.9,ns,,,,,
"mcomp_promoted<344>",8299,82250.7,82217.4,ns,,,,,
"new_algo<344>",6154,110970,110927,ns,,,,,
"built_in<345>",9742,70527.5,70500.3,ns,,,,,
"built_in_distance<345>",9761,70675.2,70649.5,ns,,,,,
"mshift<345>",7130,94860.3,94825.4,ns,,,,,
"mshift_promoted<345>",7169,95782.1,95742.8,ns,,,,,
"mcomp<345>",8510,81191.5,81158.9,ns,,,,,
"mcomp_promoted<345>",8984,77360.6,77330.8,ns,,,,,
"new_algo<345>",6035,110555,110516,ns,,,,,
"built_in<346>",9671,70677,70642.2,ns,,,,,
"built_in_distance<346>",9686,70566,70538.8,ns,,,,,
"mshift<346>",7435,94942.1,94904.5,ns,,,,,
"mshift_promoted<346>",7234,96050.8,96016.3,ns,,,,,
"mcomp<346>",9131,76704.4,76673.8,ns,,,,,
"mcomp_promoted<346>",8571,81412.9,81381.9,ns,,,,,
"built_in<347>",7554,92171.6,92136.3,ns,,,,,
"built_in_distance<347>",7663,92074.5,92037.7,ns,,,,,
"mshift<347>",7179,95608.4,95573.8,ns,,,,,
"mshift_promoted<347>",7146,95611.5,95563.1,ns,,,,,
"mcomp<347>",8593,81723.1,81690.5,ns,,,,,
"mcomp_promoted<347>",8838,78245.5,78214.8,ns,,,,,
"built_in<348>",9449,69708.4,69682.5,ns,,,,,
"built_in_distance<348>",9579,70507.1,70479,ns,,,,,
"mshift<348>",7234,94544.9,94508.4,ns,,,,,
"mshift_promoted<348>",7095,95401,95364.2,ns,,,,,
"mcomp<348>",8721,76946,76919,ns,,,,,
"mcomp_promoted<348>",8309,81124.8,81094.5,ns,,,,,
"new_algo<348>",6273,111957,111901,ns,,,,,
"built_in<349>",9674,70314.6,70288,ns,,,,,
"built_in_distance<349>",9735,70100,70072.8,ns,,,,,
"mshift<349>",7343,93948.7,93916.2,ns,,,,,
"mshift_promoted<349>",7269,94706.5,94668.4,ns,,,,,
"mcomp<349>",8351,81405.5,81373.5,ns,,,,,
"mcomp_promoted<349>",8644,77281,77251,ns,,,,,
"built_in<350>",9608,70737,70711.1,ns,,,,,
"built_in_distance<350>",9906,69861.8,69834,ns,,,,,
"mshift<350>",7305,95077.3,95028.3,ns,,,,,
"mshift_promoted<350>",7420,94911.7,94874.9,ns,,,,,
"mcomp<350>",8932,78410.8,78382.3,ns,,,,,
"mcomp_promoted<350>",8426,81109.9,81081,ns,,,,,
"new_algo<350>",6163,110503,110461,ns,,,,,
"built_in<351>",7388,91777.2,91739,ns,,,,,
"built_in_distance<351>",7551,91452.9,91417.6,ns,,,,,
"mshift<351>",7244,94635.6,94601.4,ns,,,,,
"mshift_promoted<351>",7316,94366.7,94329.9,ns,,,,,
"mcomp<351>",8387,82545.4,82504,ns,,,,,
"mcomp_promoted<351>",8821,76417.3,76387.3,ns,,,,,
"new_algo<351>",6199,110971,110928,ns,,,,,
"built_in<352>",8531,80130.8,80102,ns,,,,,
"built_in_distance<352>",8580,79439.4,79408.4,ns,,,,,
"mshift<352>",7181,95178.3,95141.2,ns,,,,,
"mshift_promoted<352>",7114,94751.8,94714.2,ns,,,,,
"mcomp<352>",8733,78922.9,78893.1,ns,,,,,
"mcomp_promoted<352>",8391,82538.4,82505.9,ns,,,,,
"new_algo<352>",6142,110177,110133,ns,,,,,
"built_in<353>",9846,70512,70484.4,ns,,,,,
"built_in_distance<353>",6971,100942,100907,ns,,,,,
"mshift<353>",7381,95677.4,95641,ns,,,,,
"mshift_promoted<353>",7167,93799.8,93764.1,ns,,,,,
"mcomp<353>",8281,81901.6,81868.1,ns,,,,,
"mcomp_promoted<353>",9148,75546.2,75516.2,ns,,,,,
"built_in<354>",9862,70805,70779.2,ns,,,,,
"built_in_distance<354>",9824,70244.9,70216.7,ns,,,,,
"mshift<354>",7217,96085.3,96036.1,ns,,,,,
"mshift_promoted<354>",7445,94656.7,94619.4,ns,,,,,
"mcomp<354>",8836,75750.9,75724.5,ns,,,,,
"mcomp_promoted<354>",8288,81133,81103.1,ns,,,,,
"new_algo<354>",6282,112812,112766,ns,,,,,
"built_in<355>",9605,71223.1,71195.4,ns,,,,,
"built_in_distance<355>",9765,70104.6,70077.6,ns,,,,,
"mshift<355>",7199,95007.5,94974.2,ns,,,,,
"mshift_promoted<355>",7352,94463,94426.8,ns,,,,,
"mcomp<355>",8477,82576.2,82533.5,ns,,,,,
"mcomp_promoted<355>",9028,77328.2,77297.8,ns,,,,,
"built_in<356>",9054,75041.5,75015.2,ns,,,,,
"built_in_distance<356>",9041,75583.5,75557.2,ns,,,,,
"mshift<356>",7067,95972.5,95935,ns,,,,,
"mshift_promoted<356>",7400,94743.1,94705.6,ns,,,,,
"mcomp<356>",8730,76189.1,76161.7,ns,,,,,
"mcomp_promoted<356>",8425,81670.4,81641.9,ns,,,,,
"new_algo<356>",6062,113068,113023,ns,,,,,
"built_in<357>",7504,91380.3,91344.8,ns,,,,,
"built_in_distance<357>",7541,91491.7,91455.4,ns,,,,,
"mshift<357>",7114,95201.2,95166.9,ns,,,,,
"mshift_promoted<357>",7437,93844.1,93810.9,ns,,,,,
"mcomp<357>",8604,81736.4,81705.3,ns,,,,,
"mcomp_promoted<357>",8510,79152.8,79122.2,ns,,,,,
"new_algo<357>",6079,110582,110538,ns,,,,,
"built_in<358>",9814,69737,69712.2,ns,,,,,
"built_in_distance<358>",9592,70983.3,70954.5,ns,,,,,
"mshift<358>",7338,95226.1,95178.4,ns,,,,,
"mshift_promoted<358>",7201,95930.1,95892.8,ns,,,,,
"mcomp<358>",8891,77115.7,77087.3,ns,,,,,
"mcomp_promoted<358>",8390,80896,80864.8,ns,,,,,
"built_in<359>",7377,91747.8,91712.7,ns,,,,,
"built_in_distance<359>",7390,91922.1,91887.1,ns,,,,,
"mshift<359>",5324,131383,131332,ns,,,,,
"mshift_promoted<359>",7288,94916.3,94880.7,ns,,,,,
"mcomp<359>",8289,81267.1,81235.8,ns,,,,,
"mcomp_promoted<359>",8658,78515.3,78475.9,ns,,,,,
"built_in<360>",9458,70236.3,70208.8,ns,,,,,
"built_in_distance<360>",9832,70586.4,70560.5,ns,,,,,
"mshift<360>",7124,94902.6,94864.8,ns,,,,,
"mshift_promoted<360>",7203,94631,94594.7,ns,,,,,
"mcomp<360>",8896,77063.2,77032.6,ns,,,,,
"mcomp_promoted<360>",8740,81253.7,81224.2,ns,,,,,
"new_algo<360>",6309,111957,111916,ns,,,,,
"built_in<361>",9958,69938,69910.2,ns,,,,,
"built_in_distance<361>",9427,70039.8,70005.1,ns,,,,,
"mshift<361>",7083,95163.3,95126.5,ns,,,,,
"mshift_promoted<361>",7279,94404.9,94371.5,ns,,,,,
"mcomp<361>",8291,82160.9,82126.9,ns,,,,,
"mcomp_promoted<361>",8757,76802.6,76773,ns,,,,,
"built_in<362>",9111,75008.7,74978.3,ns,,,,,
"built_in_distance<362>",8955,75658.4,75631,ns,,,,,
"mshift<362>",7101,95567,95528.7,ns,,,,,
"mshift_promoted<362>",7210,94943.8,94907.7,ns,,,,,
"mcomp<362>",8742,78350.3,78319.1,ns,,,,,
"mcomp_promoted<362>",8577,80949.7,80919.8,ns,,,,,
"built_in<363>",9698,70407.8,70382.7,ns,,,,,
"built_in_distance<363>",9866,70351.8,70324.7,ns,,,,,
"mshift<363>",7091,94747.8,94710.3,ns,,,,,
"mshift_promoted<363>",7253,95041.5,95003.4,ns,,,,,
"mcomp<363>",8347,81360.2,81329.9,ns,,,,,
"mcomp_promoted<363>",8891,77617.4,77585,ns,,,,,
"built_in<364>",9272,74489.3,74460.4,ns,,,,,
"built_in_distance<364>",9143,75063.3,75033.6,ns,,,,,
"mshift<364>",7303,94395.7,94362.7,ns,,,,,
"mshift_promoted<364>",7282,94222,94184.1,ns,,,,,
"mcomp<364>",8749,77278.4,77247.8,ns,,,,,
"mcomp_promoted<364>",8302,82070.5,82038.8,ns,,,,,
"new_algo<364>",6159,111859,111818,ns,,,,,
"built_in<365>",6922,97808.1,97773.6,ns,,,,,
"built_in_distance<365>",6905,98574.9,98534.3,ns,,,,,
"mshift<365>",7169,95578.5,95538,ns,,,,,
"mshift_promoted<365>",7086,95180.2,95142.1,ns,,,,,
"mcomp<365>",8615,82480.9,82450.6,ns,,,,,
"mcomp_promoted<365>",9024,77187.7,77155.7,ns,,,,,
"new_algo<365>",6284,111336,111291,ns,,,,,
"built_in<366>",8928,74547.7,74519.2,ns,,,,,
"built_in_distance<366>",9109,74630,74604,ns,,,,,
"mshift<366>",7263,95033.3,94999.6,ns,,,,,
"mshift_promoted<366>",7100,95110.6,95072.9,ns,,,,,
"mcomp<366>",8744,78407.3,78374.6,ns,,,,,
"mcomp_promoted<366>",8325,81427.6,81386.8,ns,,,,,
"new_algo<366>",6074,110804,110764,ns,,,,,
"built_in<367>",7408,92515.1,92478.5,ns,,,,,
"built_in_distance<367>",7406,92316.9,92280.5,ns,,,,,
"mshift<367>",7313,94226,94188,ns,,,,,
"mshift_promoted<367>",7099,95965.7,95931.1,ns,,,,,
"mcomp<367>",8185,81674.7,81643.8,ns,,,,,
"mcomp_promoted<367>",8697,76227.4,76197.6,ns,,,,,
"built_in<368>",8906,75554.1,75524.3,ns,,,,,
"built_in_distance<368>",9077,74325.8,74299.3,ns,,,,,
"mshift<368>",7316,96270.6,96235.3,ns,,,,,
"mshift_promoted<368>",7207,95152.1,95116.1,ns,,,,,
"mcomp<368>",8740,78492.3,78462.3,ns,,,,,
"mcomp_promoted<368>",8445,81171.9,81140,ns,,,,,
"new_algo<368>",6120,112018,111978,ns,,,,,
"built_in<369>",6969,97750.2,97710.5,ns,,,,,
"built_in_distance<369>",6922,99053.5,99014.4,ns,,,,,
"mshift<369>",7210,95186.1,95148.7,ns,,,,,
"mshift_promoted<369>",7423,96156,96107.9,ns,,,,,
"mcomp<369>",8205,82593.9,82562.9,ns,,,,,
"mcomp_promoted<369>",9015,77929.3,77897.3,ns,,,,,
"new_algo<369>",6340,110701,110663,ns,,,,,
"built_in<370>",9852,70930.5,70902.5,ns,,,,,
"built_in_distance<370>",9846,70414.8,70389.9,ns,,,,,
"mshift<370>",7141,94097.1,94063.8,ns,,,,,
"mshift_promoted<370>",7249,95340.5,95302.4,ns,,,,,
"mcomp<370>",8923,78158.3,78127.3,ns,,,,,
"mcomp_promoted<370>",8253,81426.6,81386.1,ns,,,,,
"new_algo<370>",6305,112054,112014,ns,,,,,
"built_in<371>",9748,70105.2,70077.4,ns,,,,,
"built_in_distance<371>",9756,70062,70033.4,ns,,,,,
"mshift<371>",7147,96930.2,96891.5,ns,,,,,
"mshift_promoted<371>",7163,95662.6,95626.1,ns,,,,,
"mcomp<371>",8366,81386.6,81354.7,ns,,,,,
"mcomp_promoted<371>",8688,76867,76837.1,ns,,,,,
"built_in<372>",9009,74655.4,74625,ns,,,,,
"built_in_distance<372>",9257,75499.2,75470.9,ns,,,,,
"mshift<372>",7082,94217.6,94184.5,ns,,,,,
"mshift_promoted<372>",7321,94619.2,94581.3,ns,,,,,
"mcomp<372>",8853,77074.7,77043.2,ns,,,,,
"mcomp_promoted<372>",8535,82022.3,81989.3,ns,,,,,
"new_algo<372>",6065,110981,110940,ns,,,,,
"built_in<373>",10003,70167.1,70139.4,ns,,,,,
"built_in_distance<373>",9632,70896,70867.3,ns,,,,,
"mshift<373>",7129,95554.1,95516.7,ns,,,,,
"mshift_promoted<373>",7174,95156.7,95120.1,ns,,,,,
"mcomp<373>",8379,81975,81933.9,ns,,,,,
"mcomp_promoted<373>",8853,76333.7,76304.1,ns,,,,,
"built_in<374>",9664,70203.9,70176.8,ns,,,,,
"built_in_distance<374>",9617,70788.2,70762.8,ns,,,,,
"mshift<374>",7134,94197.9,94162.3,ns,,,,,
"mshift_promoted<374>",7224,94952.1,94914.9,ns,,,,,
"mcomp<374>",8601,77686.2,77655.1,ns,,,,,
"mcomp_promoted<374>",8330,81243.7,81215.2,ns,,,,,
"new_algo<374>",6220,111853,111812,ns,,,,,
"built_in<375>",9459,70524.2,70488.4,ns,,,,,
"built_in_distance<375>",9815,70252.3,70224.1,ns,,,,,
"mshift<375>",7330,95086.3,95049.8,ns,,,,,
"mshift_promoted<375>",7104,94594.2,94559.8,ns,,,,,
"mcomp<375>",8475,81081.9,81049.9,ns,,,,,
"mcomp_promoted<375>",9028,76171.7,76141.7,ns,,,,,
"built_in<376>",9176,74424.4,74393.9,ns,,,,,
"built_in_distance<376>",9158,75581.9,75554.8,ns,,,,,
"mshift<376>",7369,95618.4,95583.7,ns,,,,,
"mshift_promoted<376>",7118,95682.6,95634.5,ns,,,,,
"mcomp<376>",8903,76901.7,76871,ns,,,,,
"mcomp_promoted<376>",8290,81606.4,81572.8,ns,,,,,
"new_algo<376>",6295,111624,111585,ns,,,,,
"built_in<377>",9504,70709.8,70681.9,ns,,,,,
"built_in_distance<377>",9636,70101.8,70074.3,ns,,,,,
"mshift<377>",7088,95492.6,95454.8,ns,,,,,
"mshift_promoted<377>",7221,94969.3,94934.1,ns,,,,,
"mcomp<377>",8353,81776,81743.5,ns,,,,,
"mcomp_promoted<377>",9072,77525.3,77495.3,ns,,,,,
"built_in<378>",9810,69996,69967.5,ns,,,,,
"built_in_distance<378>",9858,70952.2,70926,ns,,,,,
"mshift<378>",7138,95084.1,95048.8,ns,,,,,
"mshift_promoted<378>",7290,96433.4,96395.5,ns,,,,,
"mcomp<378>",8653,77298.2,77267.6,ns,,,,,
"mcomp_promoted<378>",8437,81136.9,81105,ns,,,,,
"new_algo<378>",6234,110572,110533,ns,,,,,
"built_in<379>",7335,93338.4,93299.7,ns,,,,,
"built_in_distance<379>",7387,91949.7,91903.8,ns,,,,,
"mshift<379>",7414,94022.8,93987.2,ns,,,,,
"mshift_promoted<379>",7150,95970.6,95934.6,ns,,,,,
"mcomp<379>",8317,82150.7,82121.3,ns,,,,,
"mcomp_promoted<379>",8911,76897,76864.5,ns,,,,,
"built_in<380>",9296,75465.3,75435.8,ns,,,,,
"built_in_distance<380>",8976,75068.7,75039.7,ns,,,,,
"mshift<380>",7110,95738.8,95704.1,ns,,,,,
"mshift_promoted<380>",7107,95822,95784.2,ns,,,,,
"mcomp<380>",8691,77533.5,77492.1,ns,,,,,
"mcomp_promoted<380>",8660,81051.3,81019.4,ns,,,,,
"new_algo<380>",5952,115952,115909,ns,,,,,
"built_in<381>",6848,101979,101941,ns,,,,,
"built_in_distance<381>",6775,101860,101820,ns,,,,,
"mshift<381>",7334,94847.8,94808.6,ns,,,,,
"mshift_promoted<381>",7413,95510.6,95472.9,ns,,,,,
"mcomp<381>",8273,80695.5,80666.1,ns,,,,,
"mcomp_promoted<381>",8854,78610.1,78579.5,ns,,,,,
"new_algo<381>",6163,111155,111100,ns,,,,,
"built_in<382>",9978,70454.9,70426.4,ns,,,,,
"built_in_distance<382>",9584,69934.8,69909.8,ns,,,,,
"mshift<382>",7160,94476.1,94442.3,ns,,,,,
"mshift_promoted<382>",7108,95480.7,95442,ns,,,,,
"mcomp<382>",8916,78030.3,77998.7,ns,,,,,
"mcomp_promoted<382>",8315,81942.2,81908.9,ns,,,,,
"built_in<383>",8445,79081.6,79053.4,ns,,,,,
"built_in_distance<383>",8730,80107.8,80076.6,ns,,,,,
"mshift<383>",7078,94085.3,94048.6,ns,,,,,
"mshift_promoted<383>",7330,95348.8,95311.8,ns,,,,,
"mcomp<383>",8342,81630.2,81600.1,ns,,,,,
"mcomp_promoted<383>",8622,77325.9,77297.3,ns,,,,,
"built_in<384>",8967,74854.8,74826.2,ns,,,,,
"built_in_distance<384>",9178,75219.8,75190.2,ns,,,,,
"mshift<384>",7152,95236,95201.7,ns,,,,,
"mshift_promoted<384>",7194,94533.5,94499.9,ns,,,,,
"mcomp<384>",9050,76220,76188,ns,,,,,
"mcomp_promoted<384>",8442,81838.1,81805.3,ns,,,,,
"new_algo<384>",6314,110862,110819,ns,,,,,
"built_in<385>",8694,80126.9,80098.7,ns,,,,,
"built_in_distance<385>",8502,79473.1,79440.8,ns,,,,,
"mshift<385>",7120,94789.3,94752.5,ns,,,,,
"mshift_promoted<385>",7079,95850.5,95813.5,ns,,,,,
"mcomp<385>",8571,80982.3,80951.3,ns,,,,,
"mcomp_promoted<385>",8692,78659,78631,ns,,,,,
"new_algo<385>",6238,112489,112444,ns,,,,,
"built_in<386>",9811,70510.1,70481.4,ns,,,,,
"built_in_distance<386>",9430,70162.5,70134.5,ns,,,,,
"mshift<386>",7284,94875.8,94842.6,ns,,,,,
"mshift_promoted<386>",7376,96073.8,96035.6,ns,,,,,
"mcomp<386>",8705,79856,79824.2,ns,,,,,
"mcomp_promoted<386>",8309,81540.7,81508.1,ns,,,,,
"built_in<387>",8418,81668,81637.3,ns,,,,,
"built_in_distance<387>",8337,80827.1,80797.7,ns,,,,,
"mshift<387>",7071,95833.3,95794.8,ns,,,,,
"mshift_promoted<387>",7092,95119.4,95071.9,ns,,,,,
"mcomp<387>",8437,82505.6,82470.1,ns,,,,,
"mcomp_promoted<387>",8747,78411.8,78382.4,ns,,,,,
"new_algo<387>",6099,110712,110669,ns,,,,,
"built_in<388>",9196,75513.9,75483.2,ns,,,,,
"built_in_distance<388>",8914,75137.5,75108.1,ns,,,,,
"mshift<388>",7376,94517.3,94480.7,ns,,,,,
"mshift_promoted<388>",7115,94929.9,94891.4,ns,,,,,
"mcomp<388>",8861,76877.3,76846.6,ns,,,,,
"mcomp_promoted<388>",8225,81456.5,81415.7,ns,,,,,
"new_algo<388>",6087,111527,111486,ns,,,,,
"built_in<389>",7360,91251.7,91216.9,ns,,,,,
"built_in_distance<389>",7402,91775.7,91739.8,ns,,,,,
"mshift<389>",7132,95702,95663.7,ns,,,,,
"mshift_promoted<389>",7107,95108.1,95069.8,ns,,,,,
"mcomp<389>",8430,82624.4,82594,ns,,,,,
"mcomp_promoted<389>",9143,76382.2,76351.5,ns,,,,,
"built_in<390>",9610,70118,70090.9,ns,,,,,
"built_in_distance<390>",9802,71178.1,71143.1,ns,,,,,
"mshift<390>",7219,94824.6,94790.5,ns,,,,,
"mshift_promoted<390>",7307,94450.5,94411.5,ns,,,,,
"mcomp<390>",8950,76631.5,76600.6,ns,,,,,
"mcomp_promoted<390>",8307,81950.8,81917.5,ns,,,,,
"new_algo<390>",6204,110747,110704,ns,,,,,
"built_in<391>",7332,92235.2,92202.3,ns,,,,,
"built_in_distance<391>",7398,91184.1,91148.1,ns,,,,,
"mshift<391>",7332,94559.4,94522.4,ns,,,,,
"mshift_promoted<391>",7092,95050.5,94999.1,ns,,,,,
"mcomp<391>",8593,81978.6,81948.8,ns,,,,,
"mcomp_promoted<391>",9191,200481,200403,ns,,,,,
"built_in<392>",9059,75330.1,75299,ns,,,,,
"built_in_distance<392>",9011,74724.9,74695.4,ns,,,,,
"mshift<392>",7100,95410.8,95370.3,ns,,,,,
"mshift_promoted<392>",7327,95706.2,95671.6,ns,,,,,
"mcomp<392>",8782,77451.7,77421.1,ns,,,,,
"mcomp_promoted<392>",8313,81436.2,81395,ns,,,,,
"new_algo<392>",6206,110812,110769,ns,,,,,
"built_in<393>",9730,70756.7,70731.1,ns,,,,,
"built_in_distance<393>",9668,70277.3,70251.8,ns,,,,,
"mshift<393>",7340,95340.6,95302.4,ns,,,,,
"mshift_promoted<393>",7110,93961.5,93924.7,ns,,,,,
"mcomp<393>",8259,80928.6,80897.1,ns,,,,,
"mcomp_promoted<393>",8918,77950.9,77922.5,ns,,,,,
"built_in<394>",9867,70199.2,70172,ns,,,,,
"built_in_distance<394>",9799,70530.2,70493.7,ns,,,,,
"mshift<394>",7141,95982.9,95943.6,ns,,,,,
"mshift_promoted<394>",7260,95336.2,95299.4,ns,,,,,
"mcomp<394>",8889,75595.3,75566.2,ns,,,,,
"mcomp_promoted<394>",8290,81690.5,81657.8,ns,,,,,
"built_in<395>",7354,91016.4,90981,ns,,,,,
"built_in_distance<395>",7601,91852.4,91818.9,ns,,,,,
"mshift<395>",7148,95080,95045.1,ns,,,,,
"mshift_promoted<395>",7096,96065.6,96027,ns,,,,,
"mcomp<395>",8374,82363.1,82321.4,ns,,,,,
"mcomp_promoted<395>",9131,76455.4,76425.6,ns,,,,,
"built_in<396>",9308,75912.4,75884.2,ns,,,,,
"built_in_distance<396>",9355,74756.5,74726.3,ns,,,,,
"mshift<396>",7056,95575.2,95537,ns,,,,,
"mshift_promoted<396>",7261,95974.1,95934.6,ns,,,,,
"mcomp<396>",8972,77216,77187.6,ns,,,,,
"mcomp_promoted<396>",8299,82128.9,82099.1,ns,,,,,
"new_algo<396>",6290,112210,112164,ns,,,,,
"built_in<397>",9606,71522.4,71485.9,ns,,,,,
"built_in_distance<397>",9698,69892.3,69865.3,ns,,,,,
"mshift<397>",7293,95267.9,95234.5,ns,,,,,
"mshift_promoted<397>",7350,95071.6,95032.8,ns,,,,,
"mcomp<397>",8266,80879.4,80846.2,ns,,,,,
"mcomp_promoted<397>",8676,79067,79035.7,ns,,,,,
"new_algo<397>",6155,110922,110882,ns,,,,,
"built_in<398>",8886,75049.2,75021.3,ns,,,,,
"built_in_distance<398>",9092,75814.7,75785.4,ns,,,,,
"mshift<398>",7345,95483.7,95433.3,ns,,,,,
"mshift_promoted<398>",7127,95065,95026.3,ns,,,,,
"mcomp<398>",8807,78083.9,78055.5,ns,,,,,
"mcomp_promoted<398>",8365,81421.2,81388.9,ns,,,,,
"built_in<399>",7627,92989,92952.6,ns,,,,,
"built_in_distance<399>",7337,92706.9,92668.2,ns,,,,,
"mshift<399>",7107,96096.8,96061.2,ns,,,,,
"mshift_promoted<399>",7134,94770.6,94736.1,ns,,,,,
"mcomp<399>",8277,82286.6,82254.4,ns,,,,,
"mcomp_promoted<399>",8960,78688.8,78656.6,ns,,,,,
"new_algo<399>",6164,111421,111374,ns,,,,,
"built_in<400>",8202,81672.6,81642.4,ns,,,,,
"built_in_distance<400>",8315,82016.2,81983.9,ns,,,,,
"mshift<400>",7203,95731.2,95693,ns,,,,,
"mshift_promoted<400>",7177,95629.9,95591.1,ns,,,,,
"mcomp<400>",9143,77635.2,77605.8,ns,,,,,
"mcomp_promoted<400>",8324,81785.3,81755.5,ns,,,,,
"new_algo<400>",6167,113032,112984,ns,,,,,
"built_in<401>",7475,92219.2,92173.8,ns,,,,,
"built_in_distance<401>",7291,92575.9,92539.3,ns,,,,,
"mshift<401>",7236,94616.9,94580.3,ns,,,,,
"mshift_promoted<401>",7138,94971.9,94935,ns,,,,,
"mcomp<401>",8668,82278.4,82246.4,ns,,,,,
"mcomp_promoted<401>",8764,77708.3,77678.5,ns,,,,,
"built_in<402>",9199,75420,75391.7,ns,,,,,
"built_in_distance<402>",9145,74464.5,74437.3,ns,,,,,
"mshift<402>",7150,94907,94869,ns,,,,,
"mshift_promoted<402>",7098,95131.4,95083.6,ns,,,,,
"mcomp<402>",8875,77026.6,76996.6,ns,,,,,
"mcomp_promoted<402>",8221,81884.6,81855,ns,,,,,
"built_in<403>",7356,91828.7,91792,ns,,,,,
"built_in_distance<403>",7693,91871,91834.7,ns,,,,,
"mshift<403>",7087,95386.7,95349.6,ns,,,,,
"mshift_promoted<403>",7216,95691.3,95655.2,ns,,,,,
"mcomp<403>",8536,81873.5,81842.1,ns,,,,,
"mcomp_promoted<403>",8732,78651.3,78620.3,ns,,,,,
"new_algo<403>",6237,111843,111786,ns,,,,,
"built_in<404>",9070,75329.5,75299.3,ns,,,,,
"built_in_distance<404>",9046,74852.3,74824.4,ns,,,,,
"mshift<404>",7133,95124.1,95086.3,ns,,,,,
"mshift_promoted<404>",7107,95088.5,95050.7,ns,,,,,
"mcomp<404>",8620,78377.9,78346.7,ns,,,,,
"mcomp_promoted<404>",8258,81332.2,81303.3,ns,,,,,
"built_in<405>",9571,70658.4,70630.5,ns,,,,,
"built_in_distance<405>",9702,70501.1,70474,ns,,,,,
"mshift<405>",7194,95207.3,95169.9,ns,,,,,
"mshift_promoted<405>",7284,95758.2,95720.2,ns,,,,,
"mcomp<405>",8400,81321.8,81289.2,ns,,,,,
"mcomp_promoted<405>",8724,78068.7,78037.3,ns,,,,,
"built_in<406>",9455,70522.3,70494.2,ns,,,,,
"built_in_distance<406>",9862,71366.7,71340.6,ns,,,,,
"mshift<406>",7373,96032.8,95996,ns,,,,,
"mshift_promoted<406>",7328,95072.7,95034.9,ns,,,,,
"mcomp<406>",8828,78496.7,78466,ns,,,,,
"mcomp_promoted<406>",8303,81384.8,81351.6,ns,,,,,
"built_in<407>",9683,70690.6,70665.4,ns,,,,,
"built_in_distance<407>",9699,71026.7,70997.4,ns,,,,,
"mshift<407>",7129,95029.1,94991.1,ns,,,,,
"mshift_promoted<407>",7140,95313.6,95276.4,ns,,,,,
"mcomp<407>",8464,81025,80996.2,ns,,,,,
"mcomp_promoted<407>",8856,78009.5,77978.7,ns,,,,,
"built_in<408>",9448,70611.4,70582.7,ns,,,,,
"built_in_distance<408>",9508,70908.9,70881.2,ns,,,,,
"mshift<408>",7270,95252.9,95218.6,ns,,,,,
"mshift_promoted<408>",7218,94858.9,94825.2,ns,,,,,
"mcomp<408>",8835,77688.2,77656.5,ns,,,,,
"mcomp_promoted<408>",8322,82230.2,82197.3,ns,,,,,
"new_algo<408>",6140,111819,111776,ns,,,,,
"built_in<409>",7377,91799.5,91767.6,ns,,,,,
"built_in_distance<409>",7341,92619.7,92583.5,ns,,,,,
"mshift<409>",7391,95898,95860.5,ns,,,,,
"mshift_promoted<409>",7212,94109.3,94071.6,ns,,,,,
"mcomp<409>",8262,82416.2,82385.3,ns,,,,,
"mcomp_promoted<409>",8749,77523.8,77496,ns,,,,,
"built_in<410>",9637,70708.9,70681.4,ns,,,,,
"built_in_distance<410>",9536,70349.7,70322.4,ns,,,,,
"mshift<410>",7065,94923.8,94890.1,ns,,,,,
"mshift_promoted<410>",7245,94811.1,94775.7,ns,,,,,
"mcomp<410>",8550,79308,79276.3,ns,,,,,
"mcomp_promoted<410>",8413,81119.6,81087.9,ns,,,,,
"new_algo<410>",6151,111098,111055,ns,,,,,
"built_in<411>",7314,92482.6,92448,ns,,,,,
"built_in_distance<411>",7358,92827.3,92788.7,ns,,,,,
"mshift<411>",7363,95921.7,95883.1,ns,,,,,
"mshift_promoted<411>",7408,95821.4,95783.4,ns,,,,,
"mcomp<411>",8396,82066.6,82032.4,ns,,,,,
"mcomp_promoted<411>",9144,77697.7,77669.6,ns,,,,,
"built_in<412>",9432,75134.9,75102.9,ns,,,,,
"built_in_distance<412>",9169,74944,74914.5,ns,,,,,
"mshift<412>",7081,95393.3,95356,ns,,,,,
"mshift_promoted<412>",7068,96370.7,96336,ns,,,,,
"mcomp<412>",9089,77435.9,77397.9,ns,,,,,
"mcomp_promoted<412>",8424,81080.5,81048,ns,,,,,
"new_algo<412>",6260,111039,110995,ns,,,,,
"built_in<413>",9838,70002.1,69975.5,ns,,,,,
"built_in_distance<413>",9778,71215.4,71190.4,ns,,,,,
"mshift<413>",7160,95718.1,95680.6,ns,,,,,
"mshift_promoted<413>",7340,95307.3,95269.3,ns,,,,,
"mcomp<413>",8303,81821.2,81787.9,ns,,,,,
"mcomp_promoted<413>",8630,76616.5,76589.8,ns,,,,,
"built_in<414>",9308,75199.5,75161,ns,,,,,
"built_in_distance<414>",9180,74301.5,74273.4,ns,,,,,
"mshift<414>",7083,95731,95691.8,ns,,,,,
"mshift_promoted<414>",7187,94715.9,94682.6,ns,,,,,
"mcomp<414>",8792,77235.5,77208.8,ns,,,,,
"mcomp_promoted<414>",8437,81887.2,81856,ns,,,,,
"built_in<415>",7581,91781,91745.3,ns,,,,,
"built_in_distance<415>",7380,92755.3,92718.1,ns,,,,,
"mshift<415>",7074,96180.6,96145.8,ns,,,,,
"mshift_promoted<415>",7278,95558.9,95511.3,ns,,,,,
"mcomp<415>",8222,81810.9,81779.7,ns,,,,,
"mcomp_promoted<415>",8756,77026.6,76995.9,ns,,,,,
"built_in<416>",8875,79944.3,79914.6,ns,,,,,
"built_in_distance<416>",8509,80116.8,80088,ns,,,,,
"mshift<416>",7250,95774.2,95735.7,ns,,,,,
"mshift_promoted<416>",7162,94468.6,94432.5,ns,,,,,
"mcomp<416>",9014,76989.9,76960.3,ns,,,,,
"mcomp_promoted<416>",8521,81516.8,81487.4,ns,,,,,
"new_algo<416>",6074,110937,110882,ns,,,,,
"built_in<417>",9885,70506.8,70479.5,ns,,,,,
"built_in_distance<417>",6641,102272,102233,ns,,,,,
"mshift<417>",7294,95830.9,95795.8,ns,,,,,
"mshift_promoted<417>",7306,95778.4,95743.2,ns,,,,,
"mcomp<417>",8330,81308.7,81277.3,ns,,,,,
"mcomp_promoted<417>",8865,77659.7,77628.9,ns,,,,,
"built_in<418>",9655,71102.7,71074.5,ns,,,,,
"built_in_distance<418>",9969,71161.6,71134.7,ns,,,,,
"mshift<418>",7363,96316.2,96267.6,ns,,,,,
"mshift_promoted<418>",7208,96201.3,96162.4,ns,,,,,
"mcomp<418>",8695,78189.5,78158.9,ns,,,,,
"mcomp_promoted<418>",8322,82241.8,82212.5,ns,,,,,
"built_in<419>",9896,70970.5,70942.4,ns,,,,,
"built_in_distance<419>",9817,70575.2,70547.6,ns,,,,,
"mshift<419>",7209,95242.4,95204.9,ns,,,,,
"mshift_promoted<419>",7356,95800.5,95761.5,ns,,,,,
"mcomp<419>",8351,81826.5,81797.5,ns,,,,,
"mcomp_promoted<419>",8610,79272.3,79231.9,ns,,,,,
"built_in<420>",9640,71513.6,71485,ns,,,,,
"built_in_distance<420>",9411,71538.3,71510,ns,,,,,
"mshift<420>",7231,95011.5,94977.5,ns,,,,,
"mshift_promoted<420>",7323,95739.6,95701.2,ns,,,,,
"mcomp<420>",8757,78422.5,78392.8,ns,,,,,
"mcomp_promoted<420>",8515,81593.9,81562,ns,,,,,
"new_algo<420>",6113,111836,111796,ns,,,,,
"built_in<421>",9963,70761.5,70735.2,ns,,,,,
"built_in_distance<421>",9855,70485.2,70450.3,ns,,,,,
"mshift<421>",7144,96912.8,96875.4,ns,,,,,
"mshift_promoted<421>",7231,95768.4,95730.6,ns,,,,,
"mcomp<421>",8611,81398.4,81368.3,ns,,,,,
"mcomp_promoted<421>",9044,76370.7,76340.4,ns,,,,,
"built_in<422>",9686,70815.1,70787.3,ns,,,,,
"built_in_distance<422>",9827,71227.1,71199.1,ns,,,,,
"mshift<422>",7113,94732.9,94699.5,ns,,,,,
"mshift_promoted<422>",7120,97028.2,96991.7,ns,,,,,
"mcomp<422>",9088,78148.4,78116.8,ns,,,,,
"mcomp_promoted<422>",995,694416,694151,ns,,,,,
"built_in<423>",7673,93496,93459.6,ns,,,,,
"built_in_distance<423>",7386,92810.5,92777.3,ns,,,,,
"mshift<423>",5315,128706,128659,ns,,,,,
"mshift_promoted<423>",7124,95233.5,95195,ns,,,,,
"mcomp<423>",8463,81634.5,81603.1,ns,,,,,
"mcomp_promoted<423>",9148,78194.3,78163.6,ns,,,,,
"built_in<424>",8933,75586,75558.9,ns,,,,,
"built_in_distance<424>",9070,75727.9,75687.3,ns,,,,,
"mshift<424>",7081,95666.5,95628.6,ns,,,,,
"mshift_promoted<424>",7204,95498.9,95463,ns,,,,,
"mcomp<424>",8962,77755.4,77727.7,ns,,,,,
"mcomp_promoted<424>",8263,82703.6,82670,ns,,,,,
"new_algo<424>",6069,112901,112855,ns,,,,,
"built_in<425>",9698,70125.2,70098,ns,,,,,
"built_in_distance<425>",9683,71015.9,70987.9,ns,,,,,
"mshift<425>",7145,95041.1,95007.3,ns,,,,,
"mshift_promoted<425>",7104,95789.6,95750.5,ns,,,,,
"mcomp<425>",8491,81591.3,81557.4,ns,,,,,
"mcomp_promoted<425>",8951,77124.8,77094.2,ns,,,,,
"new_algo<425>",6067,111829,111789,ns,,,,,
"built_in<426>",9144,74573.7,74545,ns,,,,,
"built_in_distance<426>",8974,76117,76087.3,ns,,,,,
"mshift<426>",7122,94952.6,94915.1,ns,,,,,
"mshift_promoted<426>",7135,95952.8,95917.3,ns,,,,,
"mcomp<426>",8837,77318.7,77290.7,ns,,,,,
"mcomp_promoted<426>",8471,81059.9,81023.1,ns,,,,,
"built_in<427>",9699,70639.9,70612.2,ns,,,,,
"built_in_distance<427>",9636,70802.7,70777.1,ns,,,,,
"mshift<427>",7446,95199.1,95164.2,ns,,,,,
"mshift_promoted<427>",7229,95520.4,95482.2,ns,,,,,
"mcomp<427>",8414,81380.9,81349.9,ns,,,,,
"mcomp_promoted<427>",8947,77869.1,77838.6,ns,,,,,
"new_algo<427>",6195,111079,111040,ns,,,,,
"built_in<428>",9133,75699.7,75669,ns,,,,,
"built_in_distance<428>",9142,74741.9,74707.8,ns,,,,,
"mshift<428>",7313,96035.1,95996,ns,,,,,
"mshift_promoted<428>",7108,95821.3,95783.3,ns,,,,,
"mcomp<428>",8676,78611.3,78583.2,ns,,,,,
"mcomp_promoted<428>",8496,82196.9,82163.8,ns,,,,,
"built_in<429>",9765,71410.2,71381.9,ns,,,,,
"built_in_distance<429>",9718,70659.4,70631,ns,,,,,
"mshift<429>",7466,94461.2,94427.6,ns,,,,,
"mshift_promoted<429>",7356,95314.4,95276.4,ns,,,,,
"mcomp<429>",8355,81986.8,81952.8,ns,,,,,
"mcomp_promoted<429>",8720,77212.9,77182,ns,,,,,
"new_algo<429>",6287,110974,110935,ns,,,,,
"built_in<430>",9679,69950.8,69925.1,ns,,,,,
"built_in_distance<430>",9729,70482.8,70454.4,ns,,,,,
"mshift<430>",7240,94568.8,94531.3,ns,,,,,
"mshift_promoted<430>",7344,94512.8,94475.7,ns,,,,,
"mcomp<430>",8769,77761.1,77733,ns,,,,,
"mcomp_promoted<430>",8205,81827.5,81794.7,ns,,,,,
"new_algo<430>",6270,111779,111724,ns,,,,,
"built_in<431>",7460,92067.3,92030.1,ns,,,,,
"built_in_distance<431>",7386,92293.4,92259.7,ns,,,,,
"mshift<431>",7305,95106.3,95071.4,ns,,,,,
"mshift_promoted<431>",7122,95851.3,95812.5,ns,,,,,
"mcomp<431>",8369,81452.6,81420.3,ns,,,,,
"mcomp_promoted<431>",8807,77328.1,77297.1,ns,,,,,
"new_algo<431>",6346,112636,112594,ns,,,,,
"built_in<432>",8765,78242.5,78211.3,ns,,,,,
"built_in_distance<432>",8817,79001.5,78970,ns,,,,,
"mshift<432>",7134,95096.5,95059.4,ns,,,,,
"mshift_promoted<432>",7099,95835.5,95799.2,ns,,,,,
"mcomp<432>",8644,77944,77916,ns,,,,,
"mcomp_promoted<432>",8491,82375.1,82342.8,ns,,,,,
"new_algo<432>",6155,111620,111576,ns,,,,,
"built_in<433>",7439,91556.8,91522.2,ns,,,,,
"built_in_distance<433>",7554,92476.8,92442.5,ns,,,,,
"mshift<433>",7179,94719,94682.8,ns,,,,,
"mshift_promoted<433>",7104,94782.4,94743.9,ns,,,,,
"mcomp<433>",8532,82200.7,82168.5,ns,,,,,
"mcomp_promoted<433>",8728,78305.4,78277.1,ns,,,,,
"built_in<434>",9939,70019.9,69993,ns,,,,,
"built_in_distance<434>",9523,70033.4,70006.2,ns,,,,,
"mshift<434>",7296,95245.9,95208.4,ns,,,,,
"mshift_promoted<434>",7124,94692.3,94656.1,ns,,,,,
"mcomp<434>",8771,77437.4,77408.6,ns,,,,,
"mcomp_promoted<434>",8660,80392,80359.8,ns,,,,,
"new_algo<434>",6086,111299,111242,ns,,,,,
"built_in<435>",9443,70916.3,70887.8,ns,,,,,
"built_in_distance<435>",9620,70515.7,70490.8,ns,,,,,
"mshift<435>",7386,95633.6,95595.9,ns,,,,,
"mshift_promoted<435>",7350,96192.6,96154.3,ns,,,,,
"mcomp<435>",8389,81899.7,81866.6,ns,,,,,
"mcomp_promoted<435>",9048,77803.8,77773,ns,,,,,
"new_algo<435>",6231,111985,111945,ns,,,,,
"built_in<436>",9670,70924.5,70896,ns,,,,,
"built_in_distance<436>",9666,70098.8,70063.3,ns,,,,,
"mshift<436>",7139,94765.3,94727,ns,,,,,
"mshift_promoted<436>",7243,95360.6,95326.4,ns,,,,,
"mcomp<436>",9075,77519.8,77489.6,ns,,,,,
"mcomp_promoted<436>",8238,82005.4,81971.3,ns,,,,,
"new_algo<436>",6162,111194,111150,ns,,,,,
"built_in<437>",9811,70622.2,70595.8,ns,,,,,
"built_in_distance<437>",9664,71124.6,71097.8,ns,,,,,
"mshift<437>",7157,96009.5,95970.6,ns,,,,,
"mshift_promoted<437>",7184,95183.7,95135.9,ns,,,,,
"mcomp<437>",8409,81305.7,81273.6,ns,,,,,
"mcomp_promoted<437>",8989,76845.5,76817,ns,,,,,
"built_in<438>",9499,70827.2,70799.3,ns,,,,,
"built_in_distance<438>",9812,70381.7,70354.5,ns,,,,,
"mshift<438>",7115,94260.6,94224.7,ns,,,,,
"mshift_promoted<438>",7117,95341.8,95307,ns,,,,,
"mcomp<438>",8801,77703.7,77672.2,ns,,,,,
"mcomp_promoted<438>",8399,82451.5,82418,ns,,,,,
"new_algo<438>",6058,110764,110709,ns,,,,,
"built_in<439>",9714,70657.6,70632.5,ns,,,,,
"built_in_distance<439>",9779,70120.9,70096,ns,,,,,
"mshift<439>",7100,96262,96223.1,ns,,,,,
"mshift_promoted<439>",7348,95844.5,95805.7,ns,,,,,
"mcomp<439>",8419,81119.4,81088.5,ns,,,,,
"mcomp_promoted<439>",9054,75994,75966.8,ns,,,,,
"built_in<440>",9045,75058.1,75028.9,ns,,,,,
"built_in_distance<440>",9156,75692.7,75661.9,ns,,,,,
"mshift<440>",7100,94952.6,94905.5,ns,,,,,
"mshift_promoted<440>",7115,95458.8,95423.3,ns,,,,,
"mcomp<440>",8760,77327.2,77300.2,ns,,,,,
"mcomp_promoted<440>",8319,81893,81861,ns,,,,,
"new_algo<440>",6255,112165,112120,ns,,,,,
"built_in<441>",9624,70240.2,70213.4,ns,,,,,
"built_in_distance<441>",9724,70621,70595.3,ns,,,,,
"mshift<441>",7263,94565.2,94529.2,ns,,,,,
"mshift_promoted<441>",7337,95179.7,95142.2,ns,,,,,
"mcomp<441>",8315,80820.5,80779.6,ns,,,,,
"mcomp_promoted<441>",8786,77856.3,77826.9,ns,,,,,
"new_algo<441>",6089,111461,111417,ns,,,,,
"built_in<442>",9809,70665.8,70638.2,ns,,,,,
"built_in_distance<442>",9849,70574.1,70546,ns,,,,,
"mshift<442>",7141,95967.8,95933.1,ns,,,,,
"mshift_promoted<442>",7225,95958.9,95923.2,ns,,,,,
"mcomp<442>",9038,76464.4,76434.9,ns,,,,,
"mcomp_promoted<442>",8324,81096.2,81065,ns,,,,,
"new_algo<442>",6230,111814,111759,ns,,,,,
"built_in<443>",7692,91752.3,91719.9,ns,,,,,
"built_in_distance<443>",7388,93260.3,93221.3,ns,,,,,
"mshift<443>",7307,94729.7,94693.7,ns,,,,,
"mshift_promoted<443>",7153,95108,95070.1,ns,,,,,
"mcomp<443>",8350,81280.9,81248.9,ns,,,,,
"mcomp_promoted<443>",8746,78607.3,78579.2,ns,,,,,
"built_in<444>",9125,74530,74500.2,ns,,,,,
"built_in_distance<444>",9037,74872.2,74842.3,ns,,,,,
"mshift<444>",7406,96017.7,95978.8,ns,,,,,
"mshift_promoted<444>",7240,95021.5,94987.4,ns,,,,,
"mcomp<444>",8922,77065.1,77034.5,ns,,,,,
"mcomp_promoted<444>",8377,81800,81766.7,ns,,,,,
"new_algo<444>",6303,110880,110838,ns,,,,,
"built_in<445>",9530,70193.2,70167.8,ns,,,,,
"built_in_distance<445>",9980,70392.7,70367.5,ns,,,,,
"mshift<445>",7278,95552.2,95514.3,ns,,,,,
"mshift_promoted<445>",7172,95146.7,95109,ns,,,,,
"mcomp<445>",8447,82339.3,82305.8,ns,,,,,
"mcomp_promoted<445>",8936,77185.9,77158.4,ns,,,,,
"new_algo<445>",6117,110777,110735,ns,,,,,
"built_in<446>",9237,74774.7,74744.8,ns,,,,,
"built_in_distance<446>",9009,74630.6,74600.7,ns,,,,,
"mshift<446>",7130,96391.5,96355.4,ns,,,,,
"mshift_promoted<446>",7300,95144.6,95111.6,ns,,,,,
"mcomp<446>",8509,79236.8,79205.8,ns,,,,,
"mcomp_promoted<446>",8369,81583.9,81552.5,ns,,,,,
"new_algo<446>",6261,111275,111218,ns,,,,,
"built_in<447>",7586,92549,92514.6,ns,,,,,
"built_in_distance<447>",7660,91827,91791.9,ns,,,,,
"mshift<447>",7183,95378.8,95342.1,ns,,,,,
"mshift_promoted<447>",7101,95857.5,95817.3,ns,,,,,
"mcomp<447>",8524,81570.7,81540.4,ns,,,,,
"mcomp_promoted<447>",8973,77297.2,77269,ns,,,,,
"built_in<448>",8415,81511.5,81479,ns,,,,,
"built_in_distance<448>",8646,80757,80726.6,ns,,,,,
"mshift<448>",7230,94856.1,94809.4,ns,,,,,
"mshift_promoted<448>",7231,96309.8,96274.3,ns,,,,,
"mcomp<448>",8933,76513.8,76484.3,ns,,,,,
"mcomp_promoted<448>",8334,81819.5,81788.2,ns,,,,,
"new_algo<448>",6127,110791,110749,ns,,,,,
"built_in<449>",9688,70867.8,70841.9,ns,,,,,
"built_in_distance<449>",9959,72485.3,72457.5,ns,,,,,
"mshift<449>",7287,94670.9,94635.2,ns,,,,,
"mshift_promoted<449>",7058,95939,95902,ns,,,,,
"mcomp<449>",8568,81735,81695.4,ns,,,,,
"mcomp_promoted<449>",8724,77502.3,77474.1,ns,,,,,
"built_in<450>",9347,74784.5,74754,ns,,,,,
"built_in_distance<450>",8930,75898.1,75868.9,ns,,,,,
"mshift<450>",7312,95160.8,95124,ns,,,,,
"mshift_promoted<450>",7403,94996.7,94962.9,ns,,,,,
"mcomp<450>",8621,79626.5,79596.9,ns,,,,,
"mcomp_promoted<450>",8505,81469.7,81436.7,ns,,,,,
"new_algo<450>",6204,112603,112556,ns,,,,,
"built_in<451>",7442,92251,92203.9,ns,,,,,
"built_in_distance<451>",7336,91492.7,91460.1,ns,,,,,
"mshift<451>",7342,95976.2,95937.7,ns,,,,,
"mshift_promoted<451>",7138,94758.9,94722.1,ns,,,,,
"mcomp<451>",8389,81900.6,81869.6,ns,,,,,
"mcomp_promoted<451>",8731,78684,78656.4,ns,,,,,
"new_algo<451>",6120,110511,110473,ns,,,,,
"built_in<452>",9523,70318.7,70291.5,ns,,,,,
"built_in_distance<452>",9702,70527.4,70500.2,ns,,,,,
"mshift<452>",7454,95623.2,95584.7,ns,,,,,
"mshift_promoted<452>",7175,94495.3,94462.7,ns,,,,,
"mcomp<452>",8756,77526.4,77497,ns,,,,,
"mcomp_promoted<452>",8328,81822.2,81790.1,ns,,,,,
"new_algo<452>",6086,110420,110377,ns,,,,,
"built_in<453>",7558,92434.1,92400.5,ns,,,,,
"built_in_distance<453>",7391,92047,92014.2,ns,,,,,
"mshift<453>",7375,95205.3,95165.8,ns,,,,,
"mshift_promoted<453>",7113,94472,94436.2,ns,,,,,
"mcomp<453>",8374,81999.7,81967.2,ns,,,,,
"mcomp_promoted<453>",8910,77064.4,77033.7,ns,,,,,
"new_algo<453>",6104,111015,110971,ns,,,,,
"built_in<454>",9985,71390.3,71362.4,ns,,,,,
"built_in_distance<454>",9842,71007.8,70980.3,ns,,,,,
"mshift<454>",7090,95768.4,95734.3,ns,,,,,
"mshift_promoted<454>",7332,95498.6,95463.6,ns,,,,,
"mcomp<454>",8854,76237.5,76208.2,ns,,,,,
"mcomp_promoted<454>",8381,82068.6,82036.7,ns,,,,,
"built_in<455>",7409,92155.5,92110.8,ns,,,,,
"built_in_distance<455>",7346,92302.7,92269.9,ns,,,,,
"mshift<455>",7204,96007.1,95969.3,ns,,,,,
"mshift_promoted<455>",7078,95040.9,95004,ns,,,,,
"mcomp<455>",8303,81227.6,81196.4,ns,,,,,
"mcomp_promoted<455>",8565,78458.3,78431.2,ns,,,,,
"new_algo<455>",6230,112561,112520,ns,,,,,
"built_in<456>",9804,70225.3,70197.7,ns,,,,,
"built_in_distance<456>",9704,71132.1,71103.9,ns,,,,,
"mshift<456>",7409,95519.7,95473.3,ns,,,,,
"mshift_promoted<456>",7155,95214.8,95180.3,ns,,,,,
"mcomp<456>",8599,77620.6,77590.1,ns,,,,,
"mcomp_promoted<456>",8272,81834.2,81800.6,ns,,,,,
"new_algo<456>",6260,112533,112489,ns,,,,,
"built_in<457>",7412,92596.6,92563.8,ns,,,,,
"built_in_distance<457>",7418,92572.8,92539.6,ns,,,,,
"mshift<457>",7296,94538.2,94502.1,ns,,,,,
"mshift_promoted<457>",7229,94951,94913.1,ns,,,,,
"mcomp<457>",8535,82062.2,82020.8,ns,,,,,
"mcomp_promoted<457>",8660,78267.4,78239.7,ns,,,,,
"built_in<458>",9422,70130.8,70104.1,ns,,,,,
"built_in_distance<458>",9794,70587.2,70559.2,ns,,,,,
"mshift<458>",7391,97199.6,97159.7,ns,,,,,
"mshift_promoted<458>",7126,95123,95089.2,ns,,,,,
"mcomp<458>",8837,78272.2,78240.3,ns,,,,,
"mcomp_promoted<458>",8682,82076.1,82044,ns,,,,,
"built_in<459>",7424,92318.7,92281.5,ns,,,,,
"built_in_distance<459>",7549,91977.2,91929.7,ns,,,,,
"mshift<459>",7320,95065.4,95027.7,ns,,,,,
"mshift_promoted<459>",7140,95576.3,95536.7,ns,,,,,
"mcomp<459>",8304,81371.9,81339.7,ns,,,,,
"mcomp_promoted<459>",8699,77466.1,77434.7,ns,,,,,
"built_in<460>",8988,74663.6,74636.2,ns,,,,,
"built_in_distance<460>",8931,75668,75637.6,ns,,,,,
"mshift<460>",7414,94835,94797.2,ns,,,,,
"mshift_promoted<460>",7215,95126.6,95089.7,ns,,,,,
"mcomp<460>",8967,77488.8,77460.1,ns,,,,,
"mcomp_promoted<460>",8484,81907,81876.4,ns,,,,,
"new_algo<460>",6098,112739,112694,ns,,,,,
"built_in<461>",9467,70794.3,70766.2,ns,,,,,
"built_in_distance<461>",9650,69858.1,69831.5,ns,,,,,
"mshift<461>",7264,94885.3,94851.5,ns,,,,,
"mshift_promoted<461>",7291,95325,95287.4,ns,,,,,
"mcomp<461>",8392,81690.7,81657.4,ns,,,,,
"mcomp_promoted<461>",8602,77246,77215.8,ns,,,,,
"built_in<462>",9491,70932.6,70906.8,ns,,,,,
"built_in_distance<462>",9957,71430.8,71395.2,ns,,,,,
"mshift<462>",7266,95888.2,95848.7,ns,,,,,
"mshift_promoted<462>",7232,94983.2,94944.8,ns,,,,,
"mcomp<462>",8771,77144.2,77116,ns,,,,,
"mcomp_promoted<462>",8302,81805.8,81775.3,ns,,,,,
"new_algo<462>",6201,111150,111107,ns,,,,,
"built_in<463>",7637,92554.2,92515.9,ns,,,,,
"built_in_distance<463>",7327,92154.7,92117.6,ns,,,,,
"mshift<463>",7302,96601.8,96566.2,ns,,,,,
"mshift_promoted<463>",7237,95081.7,95046.5,ns,,,,,
"mcomp<463>",8637,81795.9,81763.9,ns,,,,,
"mcomp_promoted<463>",8860,78236.4,78204.8,ns,,,,,
"built_in<464>",10006,67944.3,67919,ns,,,,,
"built_in_distance<464>",9972,68839.8,68814.8,ns,,,,,
"mshift<464>",7192,95445.8,95408.3,ns,,,,,
"mshift_promoted<464>",7134,94589.4,94552.7,ns,,,,,
"mcomp<464>",9046,78429.9,78398.8,ns,,,,,
"mcomp_promoted<464>",8473,81952.3,81921.2,ns,,,,,
"new_algo<464>",6084,111978,111920,ns,,,,,
"built_in<465>",9452,70910,70881.9,ns,,,,,
"built_in_distance<465>",9639,71503.4,71475.2,ns,,,,,
"mshift<465>",7205,95438.6,95402.9,ns,,,,,
"mshift_promoted<465>",7157,94560.9,94525.3,ns,,,,,
"mcomp<465>",8510,81501.5,81469.2,ns,,,,,
"mcomp_promoted<465>",8646,78809.4,78778.5,ns,,,,,
"new_algo<465>",6113,111818,111774,ns,,,,,
"built_in<466>",9118,74386.7,74360.2,ns,,,,,
"built_in_distance<466>",8930,76736.7,76704.3,ns,,,,,
"mshift<466>",7192,95871.3,95833.7,ns,,,,,
"mshift_promoted<466>",7106,96288.9,96250.3,ns,,,,,
"mcomp<466>",8670,75934.4,75908,ns,,,,,
"mcomp_promoted<466>",8298,81025.4,80994.6,ns,,,,,
"new_algo<466>",6281,110861,110816,ns,,,,,
"built_in<467>",7401,92751.1,92713.9,ns,,,,,
"built_in_distance<467>",7651,92770.1,92732.7,ns,,,,,
"mshift<467>",7156,94992.6,94959.3,ns,,,,,
"mshift_promoted<467>",7160,95163.4,95116.2,ns,,,,,
"mcomp<467>",8276,81782.5,81749.8,ns,,,,,
"mcomp_promoted<467>",8758,77778.5,77747.9,ns,,,,,
"built_in<468>",9476,70653.7,70627.7,ns,,,,,
"built_in_distance<468>",9559,70321.4,70294.1,ns,,,,,
"mshift<468>",7240,94788.5,94750.9,ns,,,,,
"mshift_promoted<468>",7214,96046.6,96008.5,ns,,,,,
"mcomp<468>",8706,78240.4,78211.6,ns,,,,,
"mcomp_promoted<468>",8248,81265.5,81235.8,ns,,,,,
"new_algo<468>",6079,111891,111836,ns,,,,,
"built_in<469>",7463,92039.4,92004.1,ns,,,,,
"built_in_distance<469>",7379,92772.2,92735.2,ns,,,,,
"mshift<469>",7193,95001.6,94965.9,ns,,,,,
"mshift_promoted<469>",7192,95914.5,95876.7,ns,,,,,
"mcomp<469>",8382,82168.9,82136.5,ns,,,,,
"mcomp_promoted<469>",8806,77341.4,77311,ns,,,,,
"built_in<470>",9176,74593.2,74565,ns,,,,,
"built_in_distance<470>",9122,74388.3,74358.6,ns,,,,,
"mshift<470>",7101,96119.7,96070.3,ns,,,,,
"mshift_promoted<470>",7436,95532.7,95494.3,ns,,,,,
"mcomp<470>",8699,77540.9,77511.4,ns,,,,,
"mcomp_promoted<470>",8509,82123.4,82092.9,ns,,,,,
"built_in<471>",7645,91269.1,91232.4,ns,,,,,
"built_in_distance<471>",7349,93108.8,93071.9,ns,,,,,
"mshift<471>",7296,95118.3,95077.8,ns,,,,,
"mshift_promoted<471>",7105,95598.8,95563.2,ns,,,,,
"mcomp<471>",8241,82567.5,82535.9,ns,,,,,
"mcomp_promoted<471>",8822,77333.3,77292.6,ns,,,,,
"new_algo<471>",6097,110900,110857,ns,,,,,
"built_in<472>",9998,71376.9,71348.5,ns,,,,,
"built_in_distance<472>",9462,70505.4,70480,ns,,,,,
"mshift<472>",7197,95154,95116.6,ns,,,,,
"mshift_promoted<472>",7101,94763,94724.9,ns,,,,,
"mcomp<472>",9040,77034.2,77004.3,ns,,,,,
"mcomp_promoted<472>",8608,81939.8,81910.6,ns,,,,,
"new_algo<472>",6275,110948,110905,ns,,,,,
"built_in<473>",7740,91257.6,91222.5,ns,,,,,
"built_in_distance<473>",7358,91369.4,91332,ns,,,,,
"mshift<473>",7337,96042.2,96004.5,ns,,,,,
"mshift_promoted<473>",7171,95782.1,95747.3,ns,,,,,
"mcomp<473>",8404,81214.3,81182.9,ns,,,,,
"mcomp_promoted<473>",8927,77146.8,77119.1,ns,,,,,
"built_in<474>",8931,74840.8,74810,ns,,,,,
"built_in_distance<474>",9384,76157.8,76130.6,ns,,,,,
"mshift<474>",7335,95359.8,95322.5,ns,,,,,
"mshift_promoted<474>",7384,95781.5,95743.8,ns,,,,,
"mcomp<474>",8567,78437.4,78406.7,ns,,,,,
"mcomp_promoted<474>",8729,82007.3,81973.9,ns,,,,,
"built_in<475>",7568,92347.2,92314.6,ns,,,,,
"built_in_distance<475>",7398,92173.3,92137.1,ns,,,,,
"mshift<475>",7386,95707.8,95670.9,ns,,,,,
"mshift_promoted<475>",7182,94526.1,94489.3,ns,,,,,
"mcomp<475>",8508,82431.4,82399.8,ns,,,,,
"mcomp_promoted<475>",9017,78143.3,78116.1,ns,,,,,
"built_in<476>",9349,75283.1,75245.9,ns,,,,,
"built_in_distance<476>",9450,74733.1,74704.5,ns,,,,,
"mshift<476>",7382,95215.7,95178.8,ns,,,,,
"mshift_promoted<476>",7446,95591.8,95555.6,ns,,,,,
"mcomp<476>",8787,77115.3,77085.6,ns,,,,,
"mcomp_promoted<476>",8638,81945.3,81913.2,ns,,,,,
"new_algo<476>",6401,110897,110855,ns,,,,,
"built_in<477>",9633,70090.5,70063.7,ns,,,,,
"built_in_distance<477>",9596,70941.5,70915.3,ns,,,,,
"mshift<477>",7405,94813.4,94764.8,ns,,,,,
"mshift_promoted<477>",7439,95066.7,95029.7,ns,,,,,
"mcomp<477>",8404,81420.9,81390.1,ns,,,,,
"mcomp_promoted<477>",8903,76960.8,76933.1,ns,,,,,
"built_in<478>",9369,74145.3,74115.7,ns,,,,,
"built_in_distance<478>",9007,75546.6,75516.8,ns,,,,,
"mshift<478>",7502,95261.9,95224.8,ns,,,,,
"mshift_promoted<478>",7421,94473.7,94437.5,ns,,,,,
"mcomp<478>",8820,77775.1,77746.6,ns,,,,,
"mcomp_promoted<478>",8288,81220.8,81180.1,ns,,,,,
"built_in<479>",7617,92584.6,92548.6,ns,,,,,
"built_in_distance<479>",7741,91252.6,91215.4,ns,,,,,
"mshift<479>",7296,94671.7,94638.9,ns,,,,,
"mshift_promoted<479>",7085,95344.2,95308.8,ns,,,,,
"mcomp<479>",8396,82409.6,82376.9,ns,,,,,
"mcomp_promoted<479>",9290,77637.3,77606,ns,,,,,
"built_in<480>",8704,79624,79593.5,ns,,,,,
"built_in_distance<480>",8538,82089.9,82059.3,ns,,,,,
"mshift<480>",7170,94710.5,94662.8,ns,,,,,
"mshift_promoted<480>",7306,95648.7,95611,ns,,,,,
"mcomp<480>",8772,77728.4,77697.8,ns,,,,,
"mcomp_promoted<480>",8497,81523.9,81494.6,ns,,,,,
"new_algo<480>",6058,111510,111470,ns,,,,,
"built_in<481>",7357,92514.8,92478.7,ns,,,,,
"built_in_distance<481>",7454,90992.1,90955.9,ns,,,,,
"mshift<481>",7397,94659,94620.9,ns,,,,,
"mshift_promoted<481>",7184,94783.5,94749.6,ns,,,,,
"mcomp<481>",8629,81310.1,81270.4,ns,,,,,
"mcomp_promoted<481>",8909,76815.8,76786.7,ns,,,,,
"new_algo<481>",6229,110487,110444,ns,,,,,
"built_in<482>",9481,70348.4,70322.9,ns,,,,,
"built_in_distance<482>",9990,69856.8,69833,ns,,,,,
"mshift<482>",7097,95201.8,95165,ns,,,,,
"mshift_promoted<482>",7380,94312.7,94276.9,ns,,,,,
"mcomp<482>",9034,76303.3,76273.6,ns,,,,,
"mcomp_promoted<482>",8212,81830,81800.4,ns,,,,,
"new_algo<482>",6032,110077,110023,ns,,,,,
"built_in<483>",7360,91161.7,91126.6,ns,,,,,
"built_in_distance<483>",7321,91700.6,91665.9,ns,,,,,
"mshift<483>",7394,95755.5,95719.2,ns,,,,,
"mshift_promoted<483>",7270,94519.2,94483.4,ns,,,,,
"mcomp<483>",8204,82434.5,82400.7,ns,,,,,
"mcomp_promoted<483>",8616,77107,77077.4,ns,,,,,
"built_in<484>",9471,74662.3,74634.9,ns,,,,,
"built_in_distance<484>",9389,74331.2,74304.4,ns,,,,,
"mshift<484>",7134,93924.4,93876.1,ns,,,,,
"mshift_promoted<484>",7322,94900.2,94863.5,ns,,,,,
"mcomp<484>",8744,76015.4,75986,ns,,,,,
"mcomp_promoted<484>",8425,82271.2,82240.5,ns,,,,,
"built_in<485>",7375,92716,92679.4,ns,,,,,
"built_in_distance<485>",7556,91330.3,91293.6,ns,,,,,
"mshift<485>",7116,94952.3,94916.7,ns,,,,,
"mshift_promoted<485>",7056,95064.2,95030.2,ns,,,,,
"mcomp<485>",8714,81783.6,81754.3,ns,,,,,
"mcomp_promoted<485>",9200,77159.9,77122.4,ns,,,,,
"new_algo<485>",6307,111469,111424,ns,,,,,
"built_in<486>",9300,75162.4,75133.2,ns,,,,,
"built_in_distance<486>",9126,75227.2,75200.1,ns,,,,,
"mshift<486>",7430,95178.7,95142.3,ns,,,,,
"mshift_promoted<486>",7413,95075.1,95039.1,ns,,,,,
"mcomp<486>",9223,76516.3,76486.2,ns,,,,,
"mcomp_promoted<486>",8565,81755.5,81724.5,ns,,,,,
"built_in<487>",7612,92485.3,92452.3,ns,,,,,
"built_in_distance<487>",7298,91562,91515.8,ns,,,,,
"mshift<487>",5477,128750,128701,ns,,,,,
"mshift_promoted<487>",7503,95393.9,95355.3,ns,,,,,
"mcomp<487>",8591,82036.1,82005.2,ns,,,,,
"mcomp_promoted<487>",8823,77654.7,77625.9,ns,,,,,
"built_in<488>",9099,74519.9,74491.1,ns,,,,,
"built_in_distance<488>",8954,74617.8,74589.1,ns,,,,,
"mshift<488>",7261,94653.1,94613.8,ns,,,,,
"mshift_promoted<488>",7294,94072.7,94039.8,ns,,,,,
"mcomp<488>",9042,77371.8,77340.9,ns,,,,,
"mcomp_promoted<488>",8637,80811.8,80781.6,ns,,,,,
"new_algo<488>",6121,109929,109887,ns,,,,,
"built_in<489>",7392,91693.3,91659.3,ns,,,,,
"built_in_distance<489>",7456,91345.8,91313.9,ns,,,,,
"mshift<489>",7088,95742.4,95704.9,ns,,,,,
"mshift_promoted<489>",7190,95353.7,95315.8,ns,,,,,
"mcomp<489>",8789,81455.4,81423.7,ns,,,,,
"mcomp_promoted<489>",9213,77619.5,77588.8,ns,,,,,
"built_in<490>",6702,100946,100895,ns,,,,,
"built_in_distance<490>",9991,69924.7,69896.8,ns,,,,,
"mshift<490>",7409,94755.9,94718.9,ns,,,,,
"mshift_promoted<490>",7507,94830.3,94793.4,ns,,,,,
"mcomp<490>",8958,77136.5,77108.4,ns,,,,,
"mcomp_promoted<490>",8330,80880.5,80849.3,ns,,,,,
"built_in<491>",7731,91242.6,91207.8,ns,,,,,
"built_in_distance<491>",7420,93043.7,93007.5,ns,,,,,
"mshift<491>",7386,95654.4,95619.7,ns,,,,,
"mshift_promoted<491>",7489,95175.1,95140.1,ns,,,,,
"mcomp<491>",8531,81743,81711.6,ns,,,,,
"mcomp_promoted<491>",8815,75589.8,75560.6,ns,,,,,
"built_in<492>",8962,73945.9,73916.1,ns,,,,,
"built_in_distance<492>",9191,75163.3,75135.8,ns,,,,,
"mshift<492>",7092,94997.2,94959.6,ns,,,,,
"mshift_promoted<492>",7209,94502.6,94464.8,ns,,,,,
"mcomp<492>",8679,77465.5,77435.8,ns,,,,,
"mcomp_promoted<492>",8621,81628.2,81598.8,ns,,,,,
"new_algo<492>",6117,109997,109955,ns,,,,,
"built_in<493>",9543,70214.1,70186.9,ns,,,,,
"built_in_distance<493>",9926,70056.4,70028.9,ns,,,,,
"mshift<493>",7122,95110.7,95076.9,ns,,,,,
"mshift_promoted<493>",7350,94907.5,94873.3,ns,,,,,
"mcomp<493>",8664,80724.1,80693.3,ns,,,,,
"mcomp_promoted<493>",9037,76451,76421.1,ns,,,,,
"new_algo<493>",6198,111319,111275,ns,,,,,
"built_in<494>",9888,70686.9,70661.6,ns,,,,,
"built_in_distance<494>",9742,70175.1,70147.7,ns,,,,,
"mshift<494>",7148,94913.3,94876.3,ns,,,,,
"mshift_promoted<494>",7482,96812.7,96773.8,ns,,,,,
"mcomp<494>",9158,76144.1,76116.6,ns,,,,,
"mcomp_promoted<494>",8231,82463.1,82433.2,ns,,,,,
"new_algo<494>",6271,111755,111710,ns,,,,,
"built_in<495>",7447,91810.5,91774.7,ns,,,,,
"built_in_distance<495>",7394,92074.3,92038.4,ns,,,,,
"mshift<495>",7462,95385.3,95350.3,ns,,,,,
"mshift_promoted<495>",7392,95986.9,95945.8,ns,,,,,
"mcomp<495>",8332,81909.1,81877,ns,,,,,
"mcomp_promoted<495>",8987,77590.2,77560.1,ns,,,,,
"new_algo<495>",6081,111259,111215,ns,,,,,
"built_in<496>",8258,84377.3,84346,ns,,,,,
"built_in_distance<496>",8070,85274.8,85240.8,ns,,,,,
"mshift<496>",7233,94271.4,94237.8,ns,,,,,
"mshift_promoted<496>",7346,94810.9,94774.4,ns,,,,,
"mcomp<496>",9243,77253.1,77224.8,ns,,,,,
"mcomp_promoted<496>",8647,81316.6,81286.2,ns,,,,,
"new_algo<496>",6419,110230,110187,ns,,,,,
"built_in<497>",9954,70382.3,70355.3,ns,,,,,
"built_in_distance<497>",9937,69814.5,69787.5,ns,,,,,
"mshift<497>",7311,96363.7,96328.1,ns,,,,,
"mshift_promoted<497>",7183,95247.4,95208.5,ns,,,,,
"mcomp<497>",8669,81204.6,81172.3,ns,,,,,
"mcomp_promoted<497>",8648,77936.9,77906.7,ns,,,,,
"built_in<498>",10056,69963.9,69938.7,ns,,,,,
"built_in_distance<498>",9906,69710.4,69686.1,ns,,,,,
"mshift<498>",7067,94940,94899.2,ns,,,,,
"mshift_promoted<498>",7080,94553.3,94516.3,ns,,,,,
"mcomp<498>",9033,77092.3,77062.3,ns,,,,,
"mcomp_promoted<498>",8160,80823,80794.1,ns,,,,,
"built_in<499>",9568,70689.6,70661.2,ns,,,,,
"built_in_distance<499>",9755,70018.2,69989.6,ns,,,,,
"mshift<499>",7304,95950.7,95913.7,ns,,,,,
"mshift_promoted<499>",7212,94388.9,94354.4,ns,,,,,
"mcomp<499>",8391,81561.5,81529,ns,,,,,
"mcomp_promoted<499>",8707,78011.6,77977.6,ns,,,,,
"built_in<500>",9332,75801.7,75770.7,ns,,,,,
"built_in_distance<500>",8837,74849.7,74822.4,ns,,,,,
"mshift<500>",7369,95832.8,95797.2,ns,,,,,
"mshift_promoted<500>",7230,94691,94654.4,ns,,,,,
"mcomp<500>",9106,78050.7,78020.5,ns,,,,,
"mcomp_promoted<500>",8623,80873.8,80842.2,ns,,,,,
"built_in<501>",7592,92168.6,92135.6,ns,,,,,
"built_in_distance<501>",7602,91526.8,91481.7,ns,,,,,
"mshift<501>",7066,95832.4,95795.4,ns,,,,,
"mshift_promoted<501>",7283,95289.3,95251.3,ns,,,,,
"mcomp<501>",8556,81591.2,81560.1,ns,,,,,
"mcomp_promoted<501>",9062,77565.6,77535.8,ns,,,,,
"built_in<502>",9345,74859.2,74830.2,ns,,,,,
"built_in_distance<502>",8985,76472.6,76442.8,ns,,,,,
"mshift<502>",7149,94621.3,94584.7,ns,,,,,
"mshift_promoted<502>",7107,95151.4,95116.9,ns,,,,,
"mcomp<502>",9009,78400.7,78360.1,ns,,,,,
"mcomp_promoted<502>",8263,82438.5,82406.2,ns,,,,,
"new_algo<502>",6330,112075,112031,ns,,,,,
"built_in<503>",10092,70297.4,70272.5,ns,,,,,
"built_in_distance<503>",9790,70976.2,70949.8,ns,,,,,
"mshift<503>",7164,95036.4,94998,ns,,,,,
"mshift_promoted<503>",7402,95163.8,95127.5,ns,,,,,
"mcomp<503>",8184,81526.1,81493.7,ns,,,,,
"mcomp_promoted<503>",8880,76677,76649.5,ns,,,,,
"built_in<504>",7452,91078.7,91042.5,ns,,,,,
"built_in_distance<504>",7636,90500.4,90464.4,ns,,,,,
"mshift<504>",7218,95011.1,94975.3,ns,,,,,
"mshift_promoted<504>",7386,95156.1,95121.4,ns,,,,,
"mcomp<504>",8850,77143.6,77116.1,ns,,,,,
"mcomp_promoted<504>",8295,81523.4,81490.8,ns,,,,,
"new_algo<504>",6315,110697,110653,ns,,,,,
"built_in<505>",6970,100283,100243,ns,,,,,
"built_in_distance<505>",6904,101041,101005,ns,,,,,
"mshift<505>",7112,93994.8,93961.9,ns,,,,,
"mshift_promoted<505>",7215,95489.5,95452.4,ns,,,,,
"mcomp<505>",8634,80862.4,80830.4,ns,,,,,
"mcomp_promoted<505>",9049,76584.7,76554.6,ns,,,,,
"built_in<506>",9078,75868.3,75841,ns,,,,,
"built_in_distance<506>",8990,75456.6,75427.6,ns,,,,,
"mshift<506>",7249,95454.8,95416,ns,,,,,
"mshift_promoted<506>",7285,95736.9,95697.9,ns,,,,,
"mcomp<506>",9226,76910.7,76883.1,ns,,,,,
"mcomp_promoted<506>",8206,80964.5,80923.9,ns,,,,,
"built_in<507>",7508,91076.1,91040.9,ns,,,,,
"built_in_distance<507>",7317,92195.2,92159.8,ns,,,,,
"mshift<507>",7066,94317.5,94282.9,ns,,,,,
"mshift_promoted<507>",7234,94420.4,94386.7,ns,,,,,
"mcomp<507>",8454,80742,80711.2,ns,,,,,
"mcomp_promoted<507>",8672,79195.3,79161.5,ns,,,,,
"built_in<508>",7745,92079.6,92043.9,ns,,,,,
"built_in_distance<508>",7479,91242.2,91206.3,ns,,,,,
"mshift<508>",7380,94779.3,94733,ns,,,,,
"mshift_promoted<508>",7240,94654.4,94617.5,ns,,,,,
"mcomp<508>",9091,77756.5,77726.9,ns,,,,,
"mcomp_promoted<508>",8166,81390.6,81361.4,ns,,,,,
"new_algo<508>",6389,110566,110525,ns,,,,,
"built_in<509>",8624,79437.3,79406.1,ns,,,,,
"built_in_distance<509>",8528,79502.7,79471.8,ns,,,,,
"mshift<509>",7259,94934,94898,ns,,,,,
"mshift_promoted<509>",7324,94585.2,94552.1,ns,,,,,
"mcomp<509>",8462,81200.3,81158.1,ns,,,,,
"mcomp_promoted<509>",9056,77899.9,77869.9,ns,,,,,
"built_in<510>",8642,78964.4,78934,ns,,,,,
"built_in_distance<510>",8271,81314.1,81285.6,ns,,,,,
"mshift<510>",7080,95016.1,94982.8,ns,,,,,
"mshift_promoted<510>",7497,95504.9,95465.5,ns,,,,,
"mcomp<510>",8744,76405.1,76376.1,ns,,,,,
"mcomp_promoted<510>",8189,81025.4,80994,ns,,,,,
"new_algo<510>",6125,117028,116987,ns,,,,,
"built_in<511>",7341,97088.8,97049.8,ns,,,,,
"built_in_distance<511>",7337,96859.7,96820.1,ns,,,,,
"mshift<511>",7147,95222.6,95185.5,ns,,,,,
"mshift_promoted<511>",7149,94368.4,94332.4,ns,,,,,
"mcomp<511>",8594,81626.1,81597.4,ns,,,,,
"mcomp_promoted<511>",8756,76515.4,76485.1,ns,,,,,
"new_algo<511>",6736,99722.6,99683.1,ns,,,,,
"built_in<512>",16882,40992.3,40975.8,ns,,,,,
"built_in_distance<512>",17074,40905.2,40884.7,ns,,,,,
"mshift<512>",9643,71292,71264.9,ns,,,,,
"mshift_promoted<512>",9686,71986.4,71958.2,ns,,,,,
"mcomp<512>",9468,71938.4,71911.8,ns,,,,,
"mcomp_promoted<512>",9789,71212.7,71185.3,ns,,,,,
"built_in<513>",8683,78219.8,78188.5,ns,,,,,
"built_in_distance<513>",8951,78332.3,78302.2,ns,,,,,
"mshift<513>",7339,94467.1,94433.1,ns,,,,,
"mshift_promoted<513>",5294,130454,130407,ns,,,,,
"mcomp<513>",8257,81519,81485.8,ns,,,,,
"mcomp_promoted<513>",8786,78505.6,78475.1,ns,,,,,
"new_algo<513>",6237,112095,112051,ns,,,,,
"built_in<514>",8324,81450.8,81421.7,ns,,,,,
"built_in_distance<514>",8620,78986.5,78957,ns,,,,,
"mshift<514>",7069,95326.7,95289.3,ns,,,,,
"mshift_promoted<514>",7265,94880.8,94843.2,ns,,,,,
"mcomp<514>",8875,78118.2,78088.2,ns,,,,,
"mcomp_promoted<514>",8562,81400.6,81371.4,ns,,,,,
"new_algo<514>",6100,110952,110907,ns,,,,,
"built_in<515>",8457,82225.6,82192.2,ns,,,,,
"built_in_distance<515>",8490,80679.3,80647.1,ns,,,,,
"mshift<515>",7108,94507,94474,ns,,,,,
"mshift_promoted<515>",7402,94202.1,94165.5,ns,,,,,
"mcomp<515>",8500,80836.7,80804.2,ns,,,,,
"mcomp_promoted<515>",8614,78452.1,78421.3,ns,,,,,
"built_in<516>",8532,78840,78811.9,ns,,,,,
"built_in_distance<516>",8597,79134.4,79105.4,ns,,,,,
"mshift<516>",7166,94388,94350.7,ns,,,,,
"mshift_promoted<516>",7123,96748.9,96707.6,ns,,,,,
"mcomp<516>",8714,76446.8,76417,ns,,,,,
"mcomp_promoted<516>",8285,81039.9,81010.6,ns,,,,,
"new_algo<516>",6140,110943,110899,ns,,,,,
"built_in<517>",8461,80207.3,80176.6,ns,,,,,
"built_in_distance<517>",8601,79338.3,79305.3,ns,,,,,
"mshift<517>",7063,95056.2,95022.3,ns,,,,,
"mshift_promoted<517>",7096,95637.4,95597.5,ns,,,,,
"mcomp<517>",8453,81236.4,81196.9,ns,,,,,
"mcomp_promoted<517>",8889,77297.2,77266.5,ns,,,,,
"built_in<518>",9360,74223.6,74196.2,ns,,,,,
"built_in_distance<518>",8895,74821.7,74794.3,ns,,,,,
"mshift<518>",7279,94015.6,93977.9,ns,,,,,
"mshift_promoted<518>",7207,95235.3,95198,ns,,,,,
"mcomp<518>",8973,76595.6,76566,ns,,,,,
"mcomp_promoted<518>",8415,80719.2,80690.6,ns,,,,,
"new_algo<518>",6080,111301,111257,ns,,,,,
"built_in<519>",9504,69698.3,69664.4,ns,,,,,
"built_in_distance<519>",9721,71002.6,70974.6,ns,,,,,
"mshift<519>",7130,95901.2,95867.6,ns,,,,,
"mshift_promoted<519>",7287,95527.2,95488.6,ns,,,,,
"mcomp<519>",8640,81685.2,81651.2,ns,,,,,
"mcomp_promoted<519>",8765,78001.4,77971.2,ns,,,,,
"built_in<520>",8262,81758.5,81728.5,ns,,,,,
"built_in_distance<520>",8394,80725.2,80696.2,ns,,,,,
"mshift<520>",7094,94264.2,94227.9,ns,,,,,
"mshift_promoted<520>",7272,94351.1,94313.4,ns,,,,,
"mcomp<520>",8834,77468,77437.9,ns,,,,,
"mcomp_promoted<520>",8448,80948.5,80919.7,ns,,,,,
"new_algo<520>",6166,111324,111281,ns,,,,,
"built_in<521>",8434,81740.5,81707.6,ns,,,,,
"built_in_distance<521>",8304,81686.1,81653.3,ns,,,,,
"mshift<521>",7184,95480.2,95445.5,ns,,,,,
"mshift_promoted<521>",7124,94645.9,94612.3,ns,,,,,
"mcomp<521>",8328,81239.3,81208.2,ns,,,,,
"mcomp_promoted<521>",8807,79631.7,79601.6,ns,,,,,
"built_in<522>",9661,71302.5,71275,ns,,,,,
"built_in_distance<522>",9790,70195.9,70170.8,ns,,,,,
"mshift<522>",7229,94381.6,94345.1,ns,,,,,
"mshift_promoted<522>",7178,95259.6,95222.8,ns,,,,,
"mcomp<522>",8521,79879.4,79848.6,ns,,,,,
"mcomp_promoted<522>",8408,82565.1,82533.7,ns,,,,,
"built_in<523>",9911,70152.5,70125.5,ns,,,,,
"built_in_distance<523>",9869,69930.3,69903,ns,,,,,
"mshift<523>",7280,94309.3,94262.3,ns,,,,,
"mshift_promoted<523>",7232,94884.3,94850.8,ns,,,,,
"mcomp<523>",8397,80985.4,80953.7,ns,,,,,
"mcomp_promoted<523>",8855,76729.9,76700.5,ns,,,,,
"built_in<524>",9430,70380.7,70353.7,ns,,,,,
"built_in_distance<524>",9655,70919.9,70894.6,ns,,,,,
"mshift<524>",7280,95826.2,95792,ns,,,,,
"mshift_promoted<524>",7341,94211.3,94174.8,ns,,,,,
"mcomp<524>",9061,76483.9,76454.9,ns,,,,,
"mcomp_promoted<524>",8320,81262.9,81222.7,ns,,,,,
"built_in<525>",9621,69996.6,69971.7,ns,,,,,
"built_in_distance<525>",6689,104875,104835,ns,,,,,
"mshift<525>",7275,93885.7,93849,ns,,,,,
"mshift_promoted<525>",7160,95052.7,95014.3,ns,,,,,
"mcomp<525>",8348,81288.1,81259.8,ns,,,,,
"mcomp_promoted<525>",8659,78372.6,78342.8,ns,,,,,
"new_algo<525>",6087,111782,111737,ns,,,,,
"built_in<526>",9767,70777.2,70748.2,ns,,,,,
"built_in_distance<526>",9494,70411.4,70385.8,ns,,,,,
"mshift<526>",7374,94732.7,94699.1,ns,,,,,
"mshift_promoted<526>",7358,95981.3,95942.9,ns,,,,,
"mcomp<526>",8768,77050.9,77021.5,ns,,,,,
"mcomp_promoted<526>",8521,80886.8,80855.8,ns,,,,,
"built_in<527>",9680,70735.2,70709.5,ns,,,,,
"built_in_distance<527>",9551,70948.2,70920.7,ns,,,,,
"mshift<527>",7308,95765.3,95728.6,ns,,,,,
"mshift_promoted<527>",7249,94918.3,94879.5,ns,,,,,
"mcomp<527>",8311,81512.9,81484,ns,,,,,
"mcomp_promoted<527>",8773,78492.8,78463.6,ns,,,,,
"new_algo<527>",6385,110990,110946,ns,,,,,
"built_in<528>",8605,79368,79336.5,ns,,,,,
"built_in_distance<528>",8560,78884.7,78854.2,ns,,,,,
"mshift<528>",7127,95095.7,95062.5,ns,,,,,
"mshift_promoted<528>",7268,94543.8,94506,ns,,,,,
"mcomp<528>",8579,78391.4,78359.5,ns,,,,,
"mcomp_promoted<528>",8600,80560.1,80529.5,ns,,,,,
"new_algo<528>",879,770164,769893,ns,,,,,
"built_in<529>",9633,70731.8,70696.2,ns,,,,,
"built_in_distance<529>",9547,71209,71179.5,ns,,,,,
"mshift<529>",7236,94726.6,94689.5,ns,,,,,
"mshift_promoted<529>",7227,95050.1,95017.1,ns,,,,,
"mcomp<529>",8333,81677.1,81648,ns,,,,,
"mcomp_promoted<529>",8969,76534.6,76504.4,ns,,,,,
"built_in<530>",9726,70271,70242.1,ns,,,,,
"built_in_distance<530>",9973,70066.3,70039.6,ns,,,,,
"mshift<530>",7131,95105.5,95069.7,ns,,,,,
"mshift_promoted<530>",7101,94531.9,94485,ns,,,,,
"mcomp<530>",8695,77596.7,77566.5,ns,,,,,
"mcomp_promoted<530>",8211,80821.3,80788.4,ns,,,,,
"new_algo<530>",6064,111248,111209,ns,,,,,
"built_in<531>",9821,71814.1,71786.2,ns,,,,,
"built_in_distance<531>",9641,71017,70989.3,ns,,,,,
"mshift<531>",7269,94741.3,94705.2,ns,,,,,
"mshift_promoted<531>",7109,94243.4,94209.2,ns,,,,,
"mcomp<531>",8237,82064.7,82034.2,ns,,,,,
"mcomp_promoted<531>",8799,77886.2,77846.8,ns,,,,,
"built_in<532>",9566,70730.4,70701.7,ns,,,,,
"built_in_distance<532>",9731,69805.7,69781.3,ns,,,,,
"mshift<532>",7274,94151.5,94117.9,ns,,,,,
"mshift_promoted<532>",7131,94862.2,94824.2,ns,,,,,
"mcomp<532>",8798,77353.6,77323.4,ns,,,,,
"mcomp_promoted<532>",8386,80936.7,80904.6,ns,,,,,
"new_algo<532>",6046,111568,111529,ns,,,,,
"built_in<533>",9465,70449.7,70422.4,ns,,,,,
"built_in_distance<533>",9811,70868.9,70838.7,ns,,,,,
"mshift<533>",7433,95490.3,95453.4,ns,,,,,
"mshift_promoted<533>",7326,95336.5,95302,ns,,,,,
"mcomp<533>",8290,80919.1,80891.2,ns,,,,,
"mcomp_promoted<533>",8808,77707.6,77678.3,ns,,,,,
"new_algo<533>",6053,111752,111707,ns,,,,,
"built_in<534>",6430,106479,106436,ns,,,,,
"built_in_distance<534>",9657,70351,70326.4,ns,,,,,
"mshift<534>",7116,94834.2,94796.1,ns,,,,,
"mshift_promoted<534>",7122,95104.7,95068.3,ns,,,,,
"mcomp<534>",8643,78683.1,78650.3,ns,,,,,
"mcomp_promoted<534>",8317,81698.8,81669,ns,,,,,
"new_algo<534>",6227,111018,110975,ns,,,,,
"built_in<535>",9846,70787.2,70758.7,ns,,,,,
"built_in_distance<535>",9667,70259.4,70231.6,ns,,,,,
"mshift<535>",7273,95979.1,95942.8,ns,,,,,
"mshift_promoted<535>",7133,95523.9,95488.1,ns,,,,,
"mcomp<535>",8358,81948.1,81916.2,ns,,,,,
"mcomp_promoted<535>",8897,77825.9,77787.3,ns,,,,,
"built_in<536>",9736,71535.9,71508.3,ns,,,,,
"built_in_distance<536>",9476,69945.1,69919.3,ns,,,,,
"mshift<536>",7087,94629.9,94592.6,ns,,,,,
"mshift_promoted<536>",7425,95546.8,95510.2,ns,,,,,
"mcomp<536>",8693,77856.1,77826.5,ns,,,,,
"mcomp_promoted<536>",8646,80553.2,80525.3,ns,,,,,
"built_in<537>",9928,70223.9,70195.8,ns,,,,,
"built_in_distance<537>",9586,70852.1,70824.3,ns,,,,,
"mshift<537>",7284,94555.1,94509.1,ns,,,,,
"mshift_promoted<537>",7224,95171.5,95137.6,ns,,,,,
"mcomp<537>",8565,81369.6,81340.7,ns,,,,,
"mcomp_promoted<537>",8639,78242.4,78211.2,ns,,,,,
"built_in<538>",9789,70692.5,70663.5,ns,,,,,
"built_in_distance<538>",9825,71462.2,71433.9,ns,,,,,
"mshift<538>",7252,95161.9,95127.3,ns,,,,,
"mshift_promoted<538>",7230,95008.9,94971.9,ns,,,,,
"mcomp<538>",8959,75937.9,75908.9,ns,,,,,
"mcomp_promoted<538>",8275,81558.2,81516.6,ns,,,,,
"built_in<539>",9839,71206.7,71181.2,ns,,,,,
"built_in_distance<539>",9448,70388.8,70359.9,ns,,,,,
"mshift<539>",7401,95279.4,95242,ns,,,,,
"mshift_promoted<539>",7100,95473.6,95436.7,ns,,,,,
"mcomp<539>",8386,81285,81254.7,ns,,,,,
"mcomp_promoted<539>",8910,77082.5,77054.8,ns,,,,,
"built_in<540>",9654,70126,70098.9,ns,,,,,
"built_in_distance<540>",9690,70321.8,70294.7,ns,,,,,
"mshift<540>",7268,95642.7,95596.2,ns,,,,,
"mshift_promoted<540>",7078,95987.6,95951.4,ns,,,,,
"mcomp<540>",9046,77828.9,77797.4,ns,,,,,
"mcomp_promoted<540>",8538,80786.5,80754.4,ns,,,,,
"new_algo<540>",6097,110869,110827,ns,,,,,
"built_in<541>",9775,70166.7,70142.3,ns,,,,,
"built_in_distance<541>",9445,70519.8,70493.1,ns,,,,,
"mshift<541>",7056,95336.4,95298.8,ns,,,,,
"mshift_promoted<541>",7230,94972.7,94935.7,ns,,,,,
"mcomp<541>",8179,81544.8,81515.9,ns,,,,,
"mcomp_promoted<541>",8804,77821.8,77793.6,ns,,,,,
"built_in<542>",9727,70626.7,70597.3,ns,,,,,
"built_in_distance<542>",9952,70485.7,70459,ns,,,,,
"mshift<542>",7109,95574.3,95535.4,ns,,,,,
"mshift_promoted<542>",7093,95900,95865.2,ns,,,,,
"mcomp<542>",8784,77817,77786.2,ns,,,,,
"mcomp_promoted<542>",8390,81859.7,81827,ns,,,,,
"built_in<543>",9782,70314.3,70287.2,ns,,,,,
"built_in_distance<543>",9870,70325.8,70299.9,ns,,,,,
"mshift<543>",7370,93883.9,93847.6,ns,,,,,
"mshift_promoted<543>",7230,96384.7,96346.4,ns,,,,,
"mcomp<543>",8465,81313.5,81281,ns,,,,,
"mcomp_promoted<543>",9158,76699.9,76669,ns,,,,,
"built_in<544>",8585,79447.9,79419.9,ns,,,,,
"built_in_distance<544>",8666,78856.9,78826,ns,,,,,
"mshift<544>",7307,94326.2,94288.3,ns,,,,,
"mshift_promoted<544>",7229,94990,94952.6,ns,,,,,
"mcomp<544>",9212,76602.9,76574.2,ns,,,,,
"mcomp_promoted<544>",8603,82176.6,82136.3,ns,,,,,
"new_algo<544>",6105,110065,110022,ns,,,,,
"built_in<545>",7350,92200.5,92165,ns,,,,,
"built_in_distance<545>",7338,92287.2,92250.3,ns,,,,,
"mshift<545>",7299,96091.7,96055.4,ns,,,,,
"mshift_promoted<545>",7155,94828.2,94792,ns,,,,,
"mcomp<545>",8502,82281.5,82248.4,ns,,,,,
"mcomp_promoted<545>",8836,77097.1,77067,ns,,,,,
"new_algo<545>",6029,110625,110585,ns,,,,,
"built_in<546>",8791,75586.4,75547.6,ns,,,,,
"built_in_distance<546>",9039,75127.7,75099.2,ns,,,,,
"mshift<546>",7086,94898.1,94861.2,ns,,,,,
"mshift_promoted<546>",7130,94890,94856.6,ns,,,,,
"mcomp<546>",8978,76778.5,76751.3,ns,,,,,
"mcomp_promoted<546>",8396,83259.6,83225.4,ns,,,,,
"new_algo<546>",6205,112447,112403,ns,,,,,
"built_in<547>",9771,70325.2,70297.3,ns,,,,,
"built_in_distance<547>",9515,70238.4,70213.1,ns,,,,,
"mshift<547>",7119,95923.7,95874.7,ns,,,,,
"mshift_promoted<547>",7289,95155.1,95116.2,ns,,,,,
"mcomp<547>",8241,82264.7,82231.7,ns,,,,,
"mcomp_promoted<547>",8700,77874.6,77846.5,ns,,,,,
"built_in<548>",8778,76726.5,76696.7,ns,,,,,
"built_in_distance<548>",8881,75748.1,75719,ns,,,,,
"mshift<548>",7440,94339.9,94302.2,ns,,,,,
"mshift_promoted<548>",7233,95586.3,95552.6,ns,,,,,
"mcomp<548>",8973,75616.5,75589.4,ns,,,,,
"mcomp_promoted<548>",8415,80402.3,80370.3,ns,,,,,
"built_in<549>",9584,70416.4,70389.6,ns,,,,,
"built_in_distance<549>",9637,70740.1,70713,ns,,,,,
"mshift<549>",7340,94787.2,94753.6,ns,,,,,
"mshift_promoted<549>",7128,95404.9,95368.2,ns,,,,,
"mcomp<549>",8381,82201.9,82170,ns,,,,,
"mcomp_promoted<549>",8663,78396.6,78365.7,ns,,,,,
"new_algo<549>",6145,111440,111398,ns,,,,,
"built_in<550>",9757,69614.9,69588.7,ns,,,,,
"built_in_distance<550>",9586,70435.1,70400.4,ns,,,,,
"mshift<550>",7200,94732.8,94696.4,ns,,,,,
"mshift_promoted<550>",7345,94747.6,94713.3,ns,,,,,
"mcomp<550>",8744,76512.5,76485.1,ns,,,,,
"mcomp_promoted<550>",8218,81113,81080.9,ns,,,,,
"new_algo<550>",6133,110858,110817,ns,,,,,
"built_in<551>",7390,91550,91513.8,ns,,,,,
"built_in_distance<551>",7626,91803.7,91769.4,ns,,,,,
"mshift<551>",7119,95075,95037.9,ns,,,,,
"mshift_promoted<551>",7249,95995.6,95947.5,ns,,,,,
"mcomp<551>",8559,82543.9,82511.6,ns,,,,,
"mcomp_promoted<551>",8711,77518.4,77490.2,ns,,,,,
"built_in<552>",9813,70063.5,70038.7,ns,,,,,
"built_in_distance<552>",9622,70870.9,70843.1,ns,,,,,
"mshift<552>",7171,94636.2,94599,ns,,,,,
"mshift_promoted<552>",7225,95357.7,95320.7,ns,,,,,
"mcomp<552>",8910,77162.1,77134.2,ns,,,,,
"mcomp_promoted<552>",8299,81462.8,81431,ns,,,,,
"new_algo<552>",6266,111122,111078,ns,,,,,
"built_in<553>",9809,69728.4,69700.1,ns,,,,,
"built_in_distance<553>",9719,70834.5,70808.4,ns,,,,,
"mshift<553>",7104,95788.1,95750.6,ns,,,,,
"mshift_promoted<553>",7078,94742.5,94706.8,ns,,,,,
"mcomp<553>",8322,82004,81972.2,ns,,,,,
"mcomp_promoted<553>",8914,76700.1,76671.4,ns,,,,,
"new_algo<553>",6202,111371,111331,ns,,,,,
"built_in<554>",9940,70092,70065.1,ns,,,,,
"built_in_distance<554>",9642,71726.5,71690.6,ns,,,,,
"mshift<554>",7138,94660.3,94622.3,ns,,,,,
"mshift_promoted<554>",7137,94687.9,94652.9,ns,,,,,
"mcomp<554>",8723,79097.7,79066.1,ns,,,,,
"mcomp_promoted<554>",8217,80707.1,80676.2,ns,,,,,
"built_in<555>",7614,92052.2,92015,ns,,,,,
"built_in_distance<555>",7482,92220.1,92187.2,ns,,,,,
"mshift<555>",7127,95323.6,95287.5,ns,,,,,
"mshift_promoted<555>",7161,94842.8,94806.8,ns,,,,,
"mcomp<555>",8303,81690.3,81657.8,ns,,,,,
"mcomp_promoted<555>",8896,77340,77312.7,ns,,,,,
"new_algo<555>",6259,111793,111753,ns,,,,,
"built_in<556>",9769,70489.6,70460.2,ns,,,,,
"built_in_distance<556>",9992,69968.3,69941.1,ns,,,,,
"mshift<556>",7118,95623.8,95586.2,ns,,,,,
"mshift_promoted<556>",7231,94514.5,94481.5,ns,,,,,
"mcomp<556>",8907,77135.5,77105.3,ns,,,,,
"mcomp_promoted<556>",8316,81491.3,81458.8,ns,,,,,
"built_in<557>",9745,70613.1,70577.4,ns,,,,,
"built_in_distance<557>",9626,70353.3,70327.5,ns,,,,,
"mshift<557>",7342,94547.8,94515.2,ns,,,,,
"mshift_promoted<557>",7371,95833.6,95796.8,ns,,,,,
"mcomp<557>",8361,81673.1,81641.2,ns,,,,,
"mcomp_promoted<557>",8588,78205.5,78173.7,ns,,,,,
"built_in<558>",9709,70567.8,70543.3,ns,,,,,
"built_in_distance<558>",9815,70475.4,70447.7,ns,,,,,
"mshift<558>",7119,95333.3,95296.9,ns,,,,,
"mshift_promoted<558>",7123,94654.1,94607.4,ns,,,,,
"mcomp<558>",8830,77729.3,77700.8,ns,,,,,
"mcomp_promoted<558>",8392,81733.6,81702.6,ns,,,,,
"new_algo<558>",6143,111059,111016,ns,,,,,
"built_in<559>",9450,70403.4,70376,ns,,,,,
"built_in_distance<559>",9643,70366.5,70341,ns,,,,,
"mshift<559>",7080,95535.3,95499.5,ns,,,,,
"mshift_promoted<559>",7049,95443.8,95407.5,ns,,,,,
"mcomp<559>",8360,82026.4,81994.3,ns,,,,,
"mcomp_promoted<559>",8838,77299.4,77272,ns,,,,,
"built_in<560>",9623,69970.1,69945.7,ns,,,,,
"built_in_distance<560>",9851,70447.9,70419,ns,,,,,
"mshift<560>",7200,96392.1,96354.5,ns,,,,,
"mshift_promoted<560>",7086,94713.1,94676.5,ns,,,,,
"mcomp<560>",8659,78295.2,78266.8,ns,,,,,
"mcomp_promoted<560>",8405,81037.2,81006.3,ns,,,,,
"new_algo<560>",6251,112202,112157,ns,,,,,
"built_in<561>",9991,71140.3,71111.7,ns,,,,,
"built_in_distance<561>",9697,71329.7,71304.3,ns,,,,,
"mshift<561>",7137,95339.2,95304.3,ns,,,,,
"mshift_promoted<561>",7156,95604.4,95567.9,ns,,,,,
"mcomp<561>",8309,81726.6,81693,ns,,,,,
"mcomp_promoted<561>",8840,77860.7,77831,ns,,,,,
"new_algo<561>",6060,110536,110497,ns,,,,,
"built_in<562>",9246,75156.3,75127.2,ns,,,,,
"built_in_distance<562>",8895,75648.5,75619.8,ns,,,,,
"mshift<562>",7303,95694.4,95655,ns,,,,,
"mshift_promoted<562>",7117,95429.1,95395.5,ns,,,,,
"mcomp<562>",8858,77857.8,77826.9,ns,,,,,
"mcomp_promoted<562>",8600,82028.7,81995.4,ns,,,,,
"built_in<563>",9886,70405,70377.5,ns,,,,,
"built_in_distance<563>",10015,70428.7,70401.9,ns,,,,,
"mshift<563>",7221,95369.8,95335.5,ns,,,,,
"mshift_promoted<563>",7119,95354.1,95316.9,ns,,,,,
"mcomp<563>",8490,81906.9,81875.5,ns,,,,,
"mcomp_promoted<563>",8886,77156.9,77126.8,ns,,,,,
"built_in<564>",9851,70310.5,70283.9,ns,,,,,
"built_in_distance<564>",9650,70920.9,70891,ns,,,,,
"mshift<564>",7131,95101.5,95065.4,ns,,,,,
"mshift_promoted<564>",7168,94284.4,94247.6,ns,,,,,
"mcomp<564>",8895,78475.5,78446.6,ns,,,,,
"mcomp_promoted<564>",8453,81436.2,81406.9,ns,,,,,
"new_algo<564>",6261,111775,111730,ns,,,,,
"built_in<565>",9884,70249.8,70223.2,ns,,,,,
"built_in_distance<565>",9906,70520.9,70493,ns,,,,,
"mshift<565>",7098,95541.7,95507.5,ns,,,,,
"mshift_promoted<565>",7164,95314,95265.1,ns,,,,,
"mcomp<565>",8420,82509.1,82476.1,ns,,,,,
"mcomp_promoted<565>",9029,79039.9,79008.6,ns,,,,,
"new_algo<565>",6241,112196,112154,ns,,,,,
"built_in<566>",9552,70967.9,70942.5,ns,,,,,
"built_in_distance<566>",9660,70980.6,70953.6,ns,,,,,
"mshift<566>",7159,94368.4,94331.5,ns,,,,,
"mshift_promoted<566>",7078,95568.4,95531.2,ns,,,,,
"mcomp<566>",8763,77672.4,77643.8,ns,,,,,
"mcomp_promoted<566>",8680,82279.4,82238.1,ns,,,,,
"built_in<567>",8686,81382.2,81351,ns,,,,,
"built_in_distance<567>",8535,79947.4,79915.4,ns,,,,,
"mshift<567>",7244,96294.5,96259.5,ns,,,,,
"mshift_promoted<567>",7168,95103.6,95069,ns,,,,,
"mcomp<567>",8544,80495.6,80464.4,ns,,,,,
"mcomp_promoted<567>",9027,76421,76391.4,ns,,,,,
"new_algo<567>",6282,109995,109952,ns,,,,,
"built_in<568>",8982,75224.1,75197.6,ns,,,,,
"built_in_distance<568>",8875,75540.4,75502.8,ns,,,,,
"mshift<568>",7154,94777.5,94740.8,ns,,,,,
"mshift_promoted<568>",7168,94615.2,94579.2,ns,,,,,
"mcomp<568>",8865,76783.1,76754.5,ns,,,,,
"mcomp_promoted<568>",8436,83522.7,83485.7,ns,,,,,
"new_algo<568>",6267,112408,112365,ns,,,,,
"built_in<569>",9497,71110.7,71080.5,ns,,,,,
"built_in_distance<569>",9508,70187.8,70162,ns,,,,,
"mshift<569>",7383,95799.1,95761.6,ns,,,,,
"mshift_promoted<569>",7182,95128.2,95081.6,ns,,,,,
"mcomp<569>",8406,81911.9,81880.1,ns,,,,,
"mcomp_promoted<569>",9054,76982.2,76951.1,ns,,,,,
"built_in<570>",8942,75237.6,75211.3,ns,,,,,
"built_in_distance<570>",9052,76322.8,76290.6,ns,,,,,
"mshift<570>",7095,96753.9,96715.7,ns,,,,,
"mshift_promoted<570>",7117,95311.2,95273.9,ns,,,,,
"mcomp<570>",8849,76515.1,76488.2,ns,,,,,
"mcomp_promoted<570>",8227,81685.8,81656.2,ns,,,,,
"new_algo<570>",6097,111428,111381,ns,,,,,
"built_in<571>",9545,70502.3,70473.3,ns,,,,,
"built_in_distance<571>",9624,70390.5,70365.7,ns,,,,,
"mshift<571>",7123,95099.9,95066.6,ns,,,,,
"mshift_promoted<571>",7200,95440.4,95401.9,ns,,,,,
"mcomp<571>",8529,81449.9,81418.4,ns,,,,,
"mcomp_promoted<571>",8692,76986.1,76955.1,ns,,,,,
"built_in<572>",9446,70356.5,70331.5,ns,,,,,
"built_in_distance<572>",9716,70755.2,70726.4,ns,,,,,
"mshift<572>",7222,95408.8,95361,ns,,,,,
"mshift_promoted<572>",7255,95065.2,95027.8,ns,,,,,
"mcomp<572>",8781,77292.1,77263.2,ns,,,,,
"mcomp_promoted<572>",8324,80686.5,80654.9,ns,,,,,
"new_algo<572>",6264,110798,110755,ns,,,,,
"built_in<573>",9610,71065,71037.9,ns,,,,,
"built_in_distance<573>",9428,71338.6,71312.4,ns,,,,,
"mshift<573>",7384,95231.8,95196.4,ns,,,,,
"mshift_promoted<573>",7263,96404.9,96366.4,ns,,,,,
"mcomp<573>",8594,81870.4,81829.2,ns,,,,,
"mcomp_promoted<573>",8946,76708.6,76679.2,ns,,,,,
"built_in<574>",9867,71129.2,71104,ns,,,,,
"built_in_distance<574>",9806,71000.4,70971.8,ns,,,,,
"mshift<574>",7120,95010.7,94974.3,ns,,,,,
"mshift_promoted<574>",7147,94755.2,94720.1,ns,,,,,
"mcomp<574>",8678,78886.5,78858.8,ns,,,,,
"mcomp_promoted<574>",8198,81710.7,81682.1,ns,,,,,
"new_algo<574>",6101,111181,111135,ns,,,,,
"built_in<575>",8791,80200.8,80160.2,ns,,,,,
"built_in_distance<575>",8580,79680.6,79649.5,ns,,,,,
"mshift<575>",7191,95275.5,95240.7,ns,,,,,
"mshift_promoted<575>",7076,94927.1,94890.8,ns,,,,,
"mcomp<575>",8363,82035.9,82002.7,ns,,,,,
"mcomp_promoted<575>",9177,77800.2,77767.9,ns,,,,,
"built_in<576>",9261,74675.5,74648.7,ns,,,,,
"built_in_distance<576>",9282,74682.3,74652.3,ns,,,,,
"mshift<576>",7171,94594.9,94558.8,ns,,,,,
"mshift_promoted<576>",7315,95385.3,95336.5,ns,,,,,
"mcomp<576>",8768,77652.4,77622.5,ns,,,,,
"mcomp_promoted<576>",8274,81349.8,81320.8,ns,,,,,
"new_algo<576>",6188,110547,110504,ns,,,,,
"built_in<577>",8404,80389.4,80358.1,ns,,,,,
"built_in_distance<577>",8619,80423.9,80390.7,ns,,,,,
"mshift<577>",7329,95469.8,95435.9,ns,,,,,
"mshift_promoted<577>",5235,130092,130047,ns,,,,,
"mcomp<577>",8362,80806.1,80775.4,ns,,,,,
"mcomp_promoted<577>",8729,77315,77276.4,ns,,,,,
"built_in<578>",9575,69888.2,69863.1,ns,,,,,
"built_in_distance<578>",9750,70225.6,70200.2,ns,,,,,
"mshift<578>",7072,94954.6,94921.5,ns,,,,,
"mshift_promoted<578>",7072,95774.1,95737.5,ns,,,,,
"mcomp<578>",8863,77403.3,77372.6,ns,,,,,
"mcomp_promoted<578>",8354,81393.7,81364.6,ns,,,,,
"built_in<579>",9482,70767.5,70738.1,ns,,,,,
"built_in_distance<579>",9758,70077,70050.3,ns,,,,,
"mshift<579>",7288,95359.3,95310.4,ns,,,,,
"mshift_promoted<579>",7320,94582.3,94549.6,ns,,,,,
"mcomp<579>",8276,81937.3,81905.7,ns,,,,,
"mcomp_promoted<579>",8622,77451.5,77420.7,ns,,,,,
"built_in<580>",9541,70926.2,70898.3,ns,,,,,
"built_in_distance<580>",9436,69583,69558.7,ns,,,,,
"mshift<580>",7110,94445.2,94409.1,ns,,,,,
"mshift_promoted<580>",7306,94879.8,94841,ns,,,,,
"mcomp<580>",8814,77810.7,77779.1,ns,,,,,
"mcomp_promoted<580>",8301,81746.5,81717.3,ns,,,,,
"new_algo<580>",6124,110714,110675,ns,,,,,
"built_in<581>",9706,71135.9,71108.4,ns,,,,,
"built_in_distance<581>",9776,70395.8,70369.3,ns,,,,,
"mshift<581>",7093,94906.8,94867.4,ns,,,,,
"mshift_promoted<581>",7119,95158.1,95124.8,ns,,,,,
"mcomp<581>",8277,82416,82384.2,ns,,,,,
"mcomp_promoted<581>",8672,78925.2,78894.1,ns,,,,,
"built_in<582>",9666,70887.1,70859.9,ns,,,,,
"built_in_distance<582>",9726,71088.9,71062.2,ns,,,,,
"mshift<582>",7237,95553.9,95506.5,ns,,,,,
"mshift_promoted<582>",7388,95549.2,95512.7,ns,,,,,
"mcomp<582>",8835,76101.7,76072.1,ns,,,,,
"mcomp_promoted<582>",8418,81394.8,81366.2,ns,,,,,
"new_algo<582>",6321,111957,111913,ns,,,,,
"built_in<583>",9631,70594.2,70566.8,ns,,,,,
"built_in_distance<583>",9551,71268.6,71239.9,ns,,,,,
"mshift<583>",7230,94563.1,94526.2,ns,,,,,
"mshift_promoted<583>",7109,94769.1,94736,ns,,,,,
"mcomp<583>",8449,81153.6,81121.1,ns,,,,,
"mcomp_promoted<583>",8882,76384.9,76355.5,ns,,,,,
"built_in<584>",8695,80220.9,80189.5,ns,,,,,
"built_in_distance<584>",8479,79001.2,78973.4,ns,,,,,
"mshift<584>",7279,94451.9,94415.4,ns,,,,,
"mshift_promoted<584>",7436,96010.9,95973.1,ns,,,,,
"mcomp<584>",8908,77581.5,77549.9,ns,,,,,
"mcomp_promoted<584>",8480,81297,81266.3,ns,,,,,
"new_algo<584>",6050,110465,110426,ns,,,,,
"built_in<585>",6778,103307,103265,ns,,,,,
"built_in_distance<585>",6642,100903,100864,ns,,,,,
"mshift<585>",7103,94782.1,94744.1,ns,,,,,
"mshift_promoted<585>",7386,94775.8,94742.4,ns,,,,,
"mcomp<585>",8253,81736.3,81706.9,ns,,,,,
"mcomp_promoted<585>",9097,76808.6,76778.9,ns,,,,,
"new_algo<585>",6059,110548,110505,ns,,,,,
"built_in<586>",10006,70686.9,70658.9,ns,,,,,
"built_in_distance<586>",9624,71944.9,71919,ns,,,,,
"mshift<586>",7270,95272.8,95225.3,ns,,,,,
"mshift_promoted<586>",7223,94572.1,94536.1,ns,,,,,
"mcomp<586>",8821,76654.1,76625.1,ns,,,,,
"mcomp_promoted<586>",8297,82209,82178.9,ns,,,,,
"built_in<587>",9821,71040.7,71012.9,ns,,,,,
"built_in_distance<587>",9913,70404.1,70377.3,ns,,,,,
"mshift<587>",7399,94865.8,94828.2,ns,,,,,
"mshift_promoted<587>",7409,96280.5,96241.5,ns,,,,,
"mcomp<587>",8260,80809.5,80777.5,ns,,,,,
"mcomp_promoted<587>",8827,78936.7,78897,ns,,,,,
"built_in<588>",9316,75265.3,75236.2,ns,,,,,
"built_in_distance<588>",8920,75758.2,75727.8,ns,,,,,
"mshift<588>",7235,95555.5,95520.8,ns,,,,,
"mshift_promoted<588>",7301,94146.2,94107.6,ns,,,,,
"mcomp<588>",8730,78089.5,78058.3,ns,,,,,
"mcomp_promoted<588>",8306,81427.3,81396.7,ns,,,,,
"new_algo<588>",6046,112099,112058,ns,,,,,
"built_in<589>",9461,70867.6,70841.7,ns,,,,,
"built_in_distance<589>",6435,105239,105196,ns,,,,,
"mshift<589>",7253,95962.1,95924.4,ns,,,,,
"mshift_promoted<589>",7356,95044.4,95007.4,ns,,,,,
"mcomp<589>",8413,82261.5,82231.4,ns,,,,,
"mcomp_promoted<589>",8804,76885.9,76856.1,ns,,,,,
"built_in<590>",9542,70445.6,70416.4,ns,,,,,
"built_in_distance<590>",9662,70574.6,70547.5,ns,,,,,
"mshift<590>",7092,95074.5,95041.3,ns,,,,,
"mshift_promoted<590>",7078,95389.5,95354.9,ns,,,,,
"mcomp<590>",8983,76914.3,76876.2,ns,,,,,
"mcomp_promoted<590>",8314,81502.3,81469.5,ns,,,,,
"built_in<591>",9753,70269,70244,ns,,,,,
"built_in_distance<591>",9859,70783.4,70757.3,ns,,,,,
"mshift<591>",7192,94572.9,94535.6,ns,,,,,
"mshift_promoted<591>",7320,95726,95688.8,ns,,,,,
"mcomp<591>",8583,81499.4,81467.6,ns,,,,,
"mcomp_promoted<591>",8788,77051,77023.1,ns,,,,,
"built_in<592>",8669,80096.3,80064.4,ns,,,,,
"built_in_distance<592>",8524,79772.5,79732,ns,,,,,
"mshift<592>",7127,95229.2,95192.8,ns,,,,,
"mshift_promoted<592>",7148,94915.6,94881.7,ns,,,,,
"mcomp<592>",9072,77700.5,77670.4,ns,,,,,
"mcomp_promoted<592>",8361,81864.4,81832.8,ns,,,,,
"new_algo<592>",6178,111901,111857,ns,,,,,
"built_in<593>",9872,70454.5,70427,ns,,,,,
"built_in_distance<593>",9846,70159.9,70134.6,ns,,,,,
"mshift<593>",7426,94778.4,94739.8,ns,,,,,
"mshift_promoted<593>",7165,94997.7,94958.7,ns,,,,,
"mcomp<593>",8370,81138.1,81106.3,ns,,,,,
"mcomp_promoted<593>",8882,77142.2,77114.8,ns,,,,,
"built_in<594>",9704,70466.6,70438.8,ns,,,,,
"built_in_distance<594>",9755,71191.5,71162.3,ns,,,,,
"mshift<594>",7130,95378.8,95342.1,ns,,,,,
"mshift_promoted<594>",7240,95336.9,95302.5,ns,,,,,
"mcomp<594>",8954,76988.5,76960.4,ns,,,,,
"mcomp_promoted<594>",8323,81812.4,81780.3,ns,,,,,
"built_in<595>",7426,91542.2,91495.8,ns,,,,,
"built_in_distance<595>",7446,92407.5,92369.7,ns,,,,,
"mshift<595>",7331,94660.3,94627.2,ns,,,,,
"mshift_promoted<595>",7065,94979.8,94942.9,ns,,,,,
"mcomp<595>",8596,80909.6,80877.3,ns,,,,,
"mcomp_promoted<595>",8614,77466,77434.5,ns,,,,,
"new_algo<595>",6052,113105,113063,ns,,,,,
"built_in<596>",9611,69997.2,69971.7,ns,,,,,
"built_in_distance<596>",9831,70817.9,70789.6,ns,,,,,
"mshift<596>",7139,94966.4,94929.1,ns,,,,,
"mshift_promoted<596>",7148,94442.4,94403.8,ns,,,,,
"mcomp<596>",8867,77617.8,77589.8,ns,,,,,
"mcomp_promoted<596>",8468,81354.9,81323.9,ns,,,,,
"built_in<597>",9450,69940.4,69913.3,ns,,,,,
"built_in_distance<597>",9461,70875.7,70847.9,ns,,,,,
"mshift<597>",7391,95231.8,95195.7,ns,,,,,
"mshift_promoted<597>",7114,95497.7,95461.3,ns,,,,,
"mcomp<597>",8356,81852.9,81821.5,ns,,,,,
"mcomp_promoted<597>",8952,76292.9,76255.6,ns,,,,,
"built_in<598>",6364,108078,108038,ns,,,,,
"built_in_distance<598>",9522,70124.5,70098.7,ns,,,,,
"mshift<598>",7227,94814.2,94777.3,ns,,,,,
"mshift_promoted<598>",7153,94183.8,94146.9,ns,,,,,
"mcomp<598>",8663,78490.4,78462.2,ns,,,,,
"mcomp_promoted<598>",8291,81396.2,81366.5,ns,,,,,
"built_in<599>",9673,70250.3,70222.7,ns,,,,,
"built_in_distance<599>",9765,70364.6,70336,ns,,,,,
"mshift<599>",7202,95401.5,95354.3,ns,,,,,
"mshift_promoted<599>",7253,94844.4,94810.6,ns,,,,,
"mcomp<599>",8477,81628.3,81597,ns,,,,,
"mcomp_promoted<599>",8818,76500.5,76470.5,ns,,,,,
"built_in<600>",9839,70697.1,70666.3,ns,,,,,
"built_in_distance<600>",9596,70923.6,70897.8,ns,,,,,
"mshift<600>",7171,95071.1,95033.6,ns,,,,,
"mshift_promoted<600>",7137,95695.2,95658,ns,,,,,
"mcomp<600>",8780,76784.5,76754,ns,,,,,
"mcomp_promoted<600>",8432,81950.4,81918.3,ns,,,,,
"new_algo<600>",6070,110721,110682,ns,,,,,
"built_in<601>",9691,69791.9,69764.8,ns,,,,,
"built_in_distance<601>",9742,70751.4,70723.5,ns,,,,,
"mshift<601>",7169,95599.2,95560.4,ns,,,,,
"mshift_promoted<601>",7342,94891,94855.8,ns,,,,,
"mcomp<601>",8368,82133.2,82100.8,ns,,,,,
"mcomp_promoted<601>",8542,78628.1,78597.4,ns,,,,,
"new_algo<601>",6114,112368,112322,ns,,,,,
"built_in<602>",9640,70555,70530.1,ns,,,,,
"built_in_distance<602>",9661,70846.4,70817.6,ns,,,,,
"mshift<602>",7080,95872,95835,ns,,,,,
"mshift_promoted<602>",7206,95087.8,95050.8,ns,,,,,
"mcomp<602>",9112,76368.2,76340.8,ns,,,,,
"mcomp_promoted<602>",8465,81169.7,81141.7,ns,,,,,
"new_algo<602>",6270,110864,110819,ns,,,,,
"built_in<603>",9399,70406.2,70378.6,ns,,,,,
"built_in_distance<603>",9725,71163.1,71135,ns,,,,,
"mshift<603>",7079,95627,95592.1,ns,,,,,
"mshift_promoted<603>",7105,95255.6,95218,ns,,,,,
"mcomp<603>",8366,81238,81205.3,ns,,,,,
"mcomp_promoted<603>",8862,76670.7,76640.7,ns,,,,,
"built_in<604>",9651,70591.6,70566,ns,,,,,
"built_in_distance<604>",9893,70070.9,70043.3,ns,,,,,
"mshift<604>",7124,96205.8,96167.2,ns,,,,,
"mshift_promoted<604>",7152,94721.5,94684.7,ns,,,,,
"mcomp<604>",8912,76947,76919.3,ns,,,,,
"mcomp_promoted<604>",8242,82486,82456.4,ns,,,,,
"new_algo<604>",6164,109929,109886,ns,,,,,
"built_in<605>",9680,70655.4,70628.1,ns,,,,,
"built_in_distance<605>",9461,70596.1,70568.7,ns,,,,,
"mshift<605>",7265,94915.2,94880.6,ns,,,,,
"mshift_promoted<605>",7234,94160.1,94124,ns,,,,,
"mcomp<605>",8519,81372.3,81340.9,ns,,,,,
"mcomp_promoted<605>",8933,77343.5,77312.5,ns,,,,,
"built_in<606>",9693,70240.3,70214.6,ns,,,,,
"built_in_distance<606>",9811,69952.9,69925,ns,,,,,
"mshift<606>",7153,94969,94931.5,ns,,,,,
"mshift_promoted<606>",7260,94560.3,94523.7,ns,,,,,
"mcomp<606>",8732,77736.4,77708.4,ns,,,,,
"mcomp_promoted<606>",8304,81540.6,81511.2,ns,,,,,
"built_in<607>",9925,71236.1,71206.4,ns,,,,,
"built_in_distance<607>",9968,70193.4,70166.3,ns,,,,,
"mshift<607>",7199,94810.9,94774.4,ns,,,,,
"mshift_promoted<607>",7278,96292.1,96257.3,ns,,,,,
"mcomp<607>",8379,81087.6,81055.3,ns,,,,,
"mcomp_promoted<607>",9093,76752,76713.3,ns,,,,,
"built_in<608>",8418,79801.8,79768,ns,,,,,
"built_in_distance<608>",8840,80321.1,80291.8,ns,,,,,
"mshift<608>",7438,96095.6,96060,ns,,,,,
"mshift_promoted<608>",7104,95363,95324.7,ns,,,,,
"mcomp<608>",8983,76696.7,76665.7,ns,,,,,
"mcomp_promoted<608>",8554,81519.1,81486.8,ns,,,,,
"new_algo<608>",6117,112189,112149,ns,,,,,
"built_in<609>",9945,71407.6,71378.4,ns,,,,,
"built_in_distance<609>",9572,69576.7,69550,ns,,,,,
"mshift<609>",7241,95451.2,95412.6,ns,,,,,
"mshift_promoted<609>",7233,95528.6,95493.2,ns,,,,,
"mcomp<609>",8375,81689.1,81660,ns,,,,,
"mcomp_promoted<609>",8793,77287.8,77257.2,ns,,,,,
"built_in<610>",9671,70437.5,70409.9,ns,,,,,
"built_in_distance<610>",9833,70992.7,70965.9,ns,,,,,
"mshift<610>",7109,95805.3,95770.5,ns,,,,,
"mshift_promoted<610>",7204,94967.6,94930.4,ns,,,,,
"mcomp<610>",8798,77129.9,77099.5,ns,,,,,
"mcomp_promoted<610>",8344,81893.7,81861.3,ns,,,,,
"new_algo<610>",6244,111660,111618,ns,,,,,
"built_in<611>",9602,70617,70589.1,ns,,,,,
"built_in_distance<611>",9737,71393.7,71366,ns,,,,,
"mshift<611>",7226,95419.3,95382.8,ns,,,,,
"mshift_promoted<611>",7214,95477,95442.4,ns,,,,,
"mcomp<611>",8339,81486,81456.3,ns,,,,,
"mcomp_promoted<611>",8618,79886.2,79853.6,ns,,,,,
"built_in<612>",9620,70852.2,70814.1,ns,,,,,
"built_in_distance<612>",9478,69882.2,69856.5,ns,,,,,
"mshift<612>",7325,95609.6,95574.8,ns,,,,,
"mshift_promoted<612>",7100,95392,95355.6,ns,,,,,
"mcomp<612>",8826,78429.7,78396.9,ns,,,,,
"mcomp_promoted<612>",8565,81155.4,81124.8,ns,,,,,
"new_algo<612>",6216,111215,111176,ns,,,,,
"built_in<613>",9733,70432.9,70405.4,ns,,,,,
"built_in_distance<613>",9681,71572.5,71544.2,ns,,,,,
"mshift<613>",7290,94768.5,94720.4,ns,,,,,
"mshift_promoted<613>",7090,95550.5,95516,ns,,,,,
"mcomp<613>",8231,81411.7,81383.1,ns,,,,,
"mcomp_promoted<613>",9230,78265.8,78234.9,ns,,,,,
"built_in<614>",9688,70998.9,70970.6,ns,,,,,
"built_in_distance<614>",9422,70462.1,70434.2,ns,,,,,
"mshift<614>",7290,95851.4,95817.6,ns,,,,,
"mshift_promoted<614>",7303,94601.6,94566.3,ns,,,,,
"mcomp<614>",9056,76644.6,76614.9,ns,,,,,
"mcomp_promoted<614>",8326,82126,82093.5,ns,,,,,
"built_in<615>",9585,70666,70640.2,ns,,,,,
"built_in_distance<615>",9800,71326.2,71297.8,ns,,,,,
"mshift<615>",7213,96017,95980,ns,,,,,
"mshift_promoted<615>",7130,94961.5,94924.4,ns,,,,,
"mcomp<615>",8575,81490.7,81459.8,ns,,,,,
"mcomp_promoted<615>",8819,77062.6,77034.2,ns,,,,,
"new_algo<615>",6360,112999,112954,ns,,,,,
"built_in<616>",9691,70889.9,70861.9,ns,,,,,
"built_in_distance<616>",9895,70568.6,70540.5,ns,,,,,
"mshift<616>",7113,95053.4,95020.4,ns,,,,,
"mshift_promoted<616>",7168,95068.6,95033.9,ns,,,,,
"mcomp<616>",8824,77515.6,77485,ns,,,,,
"mcomp_promoted<616>",8400,81591.5,81560.1,ns,,,,,
"new_algo<616>",6046,110349,110306,ns,,,,,
"built_in<617>",9618,71672,71645.8,ns,,,,,
"built_in_distance<617>",9729,71121.3,71090.9,ns,,,,,
"mshift<617>",7433,95832,95794.1,ns,,,,,
"mshift_promoted<617>",7341,94856.2,94810.1,ns,,,,,
"mcomp<617>",8256,81253,81224.5,ns,,,,,
"mcomp_promoted<617>",8809,77804.6,77774.1,ns,,,,,
"built_in<618>",9488,70710.8,70682.3,ns,,,,,
"built_in_distance<618>",9754,70155.1,70126.7,ns,,,,,
"mshift<618>",7173,95245.2,95211.1,ns,,,,,
"mshift_promoted<618>",7218,95725.2,95691.8,ns,,,,,
"mcomp<618>",8741,76489.1,76458.5,ns,,,,,
"mcomp_promoted<618>",8381,80988.5,80956.4,ns,,,,,
"built_in<619>",9791,70742.1,70715.7,ns,,,,,
"built_in_distance<619>",9795,70732.3,70707.3,ns,,,,,
"mshift<619>",7069,94556.6,94520.5,ns,,,,,
"mshift_promoted<619>",7180,94337.5,94300.9,ns,,,,,
"mcomp<619>",8505,81579.3,81547.4,ns,,,,,
"mcomp_promoted<619>",8987,76755.4,76725.6,ns,,,,,
"built_in<620>",9665,71097.1,71069.3,ns,,,,,
"built_in_distance<620>",9801,70543.2,70515.2,ns,,,,,
"mshift<620>",7414,95497.3,95459.7,ns,,,,,
"mshift_promoted<620>",7184,95421.2,95387.5,ns,,,,,
"mcomp<620>",8620,76911.5,76883,ns,,,,,
"mcomp_promoted<620>",8488,81022.8,80990.1,ns,,,,,
"new_algo<620>",6334,110987,110944,ns,,,,,
"built_in<621>",9646,70732.1,70703.9,ns,,,,,
"built_in_distance<621>",9616,70641.8,70616,ns,,,,,
"mshift<621>",7098,95110.1,95071.9,ns,,,,,
"mshift_promoted<621>",7095,95965,95927.1,ns,,,,,
"mcomp<621>",8365,81524.5,81493.3,ns,,,,,
"mcomp_promoted<621>",8723,78054.1,78025.6,ns,,,,,
"built_in<622>",9597,70116.7,70081.8,ns,,,,,
"built_in_distance<622>",9876,70124.5,70096.6,ns,,,,,
"mshift<622>",7275,96008.6,95969.2,ns,,,,,
"mshift_promoted<622>",7117,94897.3,94864.1,ns,,,,,
"mcomp<622>",9060,77663.5,77634.8,ns,,,,,
"mcomp_promoted<622>",8551,81582.6,81551.4,ns,,,,,
"built_in<623>",9728,71333.3,71304.5,ns,,,,,
"built_in_distance<623>",9596,70893.9,70868.4,ns,,,,,
"mshift<623>",7131,95518.7,95484.5,ns,,,,,
"mshift_promoted<623>",7122,95379.5,95331.5,ns,,,,,
"mcomp<623>",8300,82433.3,82400.8,ns,,,,,
"mcomp_promoted<623>",8867,78164.3,78132,ns,,,,,
"new_algo<623>",6031,111408,111366,ns,,,,,
"built_in<624>",8990,75703.9,75673.9,ns,,,,,
"built_in_distance<624>",8997,75343,75313.8,ns,,,,,
"mshift<624>",7091,95508.7,95470.9,ns,,,,,
"mshift_promoted<624>",7310,95572.6,95537.2,ns,,,,,
"mcomp<624>",8708,78046.9,78018.2,ns,,,,,
"mcomp_promoted<624>",8319,82653.5,82611.9,ns,,,,,
"new_algo<624>",6308,111067,111024,ns,,,,,
"built_in<625>",9569,71004.8,70976.7,ns,,,,,
"built_in_distance<625>",9678,70356.1,70330.3,ns,,,,,
"mshift<625>",7182,96323.3,96283.9,ns,,,,,
"mshift_promoted<625>",7100,95309,95272.2,ns,,,,,
"mcomp<625>",8417,81429.4,81398.4,ns,,,,,
"mcomp_promoted<625>",8874,77104,77076.2,ns,,,,,
"built_in<626>",9014,75380.8,75350.4,ns,,,,,
"built_in_distance<626>",9117,75846.3,75808.3,ns,,,,,
"mshift<626>",7179,94663.5,94627.7,ns,,,,,
"mshift_promoted<626>",7144,94697.8,94664.2,ns,,,,,
"mcomp<626>",8947,77199.5,77171.4,ns,,,,,
"mcomp_promoted<626>",8350,82709.7,82677.5,ns,,,,,
"built_in<627>",9472,70128.5,70100.9,ns,,,,,
"built_in_distance<627>",9547,70740.8,70715.5,ns,,,,,
"mshift<627>",7383,94669.3,94636,ns,,,,,
"mshift_promoted<627>",7197,94923.8,94886.9,ns,,,,,
"mcomp<627>",8608,82050.8,82018.6,ns,,,,,
"mcomp_promoted<627>",8979,76537.2,76507.4,ns,,,,,
"built_in<628>",9761,70388.8,70362.6,ns,,,,,
"built_in_distance<628>",9964,70990.7,70962.4,ns,,,,,
"mshift<628>",7120,95693.2,95655.8,ns,,,,,
"mshift_promoted<628>",7213,95589.3,95551.7,ns,,,,,
"mcomp<628>",9119,76703.5,76674.8,ns,,,,,
"mcomp_promoted<628>",8646,82223.3,82192.6,ns,,,,,
"new_algo<628>",6166,111620,111576,ns,,,,,
"built_in<629>",7359,92129,92083.4,ns,,,,,
"built_in_distance<629>",7596,92393,92356.8,ns,,,,,
"mshift<629>",7244,95815.7,95780.2,ns,,,,,
"mshift_promoted<629>",7351,94843.8,94809.5,ns,,,,,
"mcomp<629>",8409,81714.8,81683.2,ns,,,,,
"mcomp_promoted<629>",8844,77694.8,77664.4,ns,,,,,
"built_in<630>",9314,75625.8,75596.7,ns,,,,,
"built_in_distance<630>",8978,76206.2,76177.7,ns,,,,,
"mshift<630>",7335,95793.6,95756.2,ns,,,,,
"mshift_promoted<630>",7191,95119.5,95073.4,ns,,,,,
"mcomp<630>",8988,77815.1,77784,ns,,,,,
"mcomp_promoted<630>",8400,81944.8,81916,ns,,,,,
"new_algo<630>",6251,112115,112074,ns,,,,,
"built_in<631>",9857,70555.4,70528.3,ns,,,,,
"built_in_distance<631>",9682,70237.3,70210.1,ns,,,,,
"mshift<631>",7123,95117.6,95080.3,ns,,,,,
"mshift_promoted<631>",7080,95233.5,95198.7,ns,,,,,
"mcomp<631>",8391,82329,82295.5,ns,,,,,
"mcomp_promoted<631>",8697,79089.9,79058.2,ns,,,,,
"new_algo<631>",6085,112214,112170,ns,,,,,
"built_in<632>",9951,70485.6,70460.4,ns,,,,,
"built_in_distance<632>",9726,70542.6,70516.9,ns,,,,,
"mshift<632>",7097,95024.7,94985.3,ns,,,,,
"mshift_promoted<632>",7125,95441.1,95403.8,ns,,,,,
"mcomp<632>",8857,77866.1,77836,ns,,,,,
"mcomp_promoted<632>",8321,81353.8,81325.1,ns,,,,,
"new_algo<632>",6175,111405,111361,ns,,,,,
"built_in<633>",9582,69988.5,69960.9,ns,,,,,
"built_in_distance<633>",9761,70304.7,70275.1,ns,,,,,
"mshift<633>",7112,94828.3,94794.8,ns,,,,,
"mshift_promoted<633>",7285,94951.4,94914.7,ns,,,,,
"mcomp<633>",8384,81846.2,81813.6,ns,,,,,
"mcomp_promoted<633>",8857,77054.3,77024.6,ns,,,,,
"built_in<634>",9765,70635.9,70608.6,ns,,,,,
"built_in_distance<634>",9748,70723.5,70694.9,ns,,,,,
"mshift<634>",7096,95260.2,95222,ns,,,,,
"mshift_promoted<634>",7295,95709.3,95661.8,ns,,,,,
"mcomp<634>",8770,78300.4,78269.9,ns,,,,,
"mcomp_promoted<634>",8611,82149.5,82118.5,ns,,,,,
"built_in<635>",8548,80979.8,80948.3,ns,,,,,
"built_in_distance<635>",8306,80099.7,80068.6,ns,,,,,
"mshift<635>",7341,95219.9,95183.2,ns,,,,,
"mshift_promoted<635>",7156,95521,95486.3,ns,,,,,
"mcomp<635>",8433,81589.4,81557,ns,,,,,
"mcomp_promoted<635>",8918,76727.8,76697.5,ns,,,,,
"new_algo<635>",6206,110224,110169,ns,,,,,
"built_in<636>",9533,70875.7,70850.5,ns,,,,,
"built_in_distance<636>",9784,71174.6,71148.9,ns,,,,,
"mshift<636>",7352,94695.9,94658.3,ns,,,,,
"mshift_promoted<636>",7278,94583,94545.7,ns,,,,,
"mcomp<636>",8844,76705.3,76675.8,ns,,,,,
"mcomp_promoted<636>",8419,82589.4,82559.4,ns,,,,,
"new_algo<636>",6275,112779,112734,ns,,,,,
"built_in<637>",7308,91642.1,91605.5,ns,,,,,
"built_in_distance<637>",7383,92533.6,92487,ns,,,,,
"mshift<637>",7376,94448.9,94411.2,ns,,,,,
"mshift_promoted<637>",7110,96158.2,96123.4,ns,,,,,
"mcomp<637>",8393,81719.6,81687.7,ns,,,,,
"mcomp_promoted<637>",8935,76530.1,76499.8,ns,,,,,
"built_in<638>",9620,71327.6,71299.1,ns,,,,,
"built_in_distance<638>",9715,70345.8,70320.8,ns,,,,,
"mshift<638>",7132,94353.1,94315,ns,,,,,
"mshift_promoted<638>",7265,95370.5,95333.4,ns,,,,,
"mcomp<638>",8818,78001.3,77969.4,ns,,,,,
"mcomp_promoted<638>",8409,81990.3,81961.4,ns,,,,,
"built_in<639>",8423,80741.2,80712.6,ns,,,,,
"built_in_distance<639>",8574,79774.4,79743.8,ns,,,,,
"mshift<639>",7084,94910,94873,ns,,,,,
"mshift_promoted<639>",7363,95016.5,94977.7,ns,,,,,
"mcomp<639>",8364,81377.7,81348.4,ns,,,,,
"mcomp_promoted<639>",8895,76379.9,76350,ns,,,,,
"built_in<640>",9141,75095.4,75066.4,ns,,,,,
"built_in_distance<640>",8939,75861.2,75821.6,ns,,,,,
"mshift<640>",7392,94875.5,94841.3,ns,,,,,
"mshift_promoted<640>",7265,95312.8,95275.2,ns,,,,,
"mcomp<640>",8790,78159.6,78129.2,ns,,,,,
"mcomp_promoted<640>",8407,81849.7,81821.2,ns,,,,,
"new_algo<640>",6189,111474,111434,ns,,,,,
"built_in<641>",8455,79595.9,79566.6,ns,,,,,
"built_in_distance<641>",8492,80489.3,80456.3,ns,,,,,
"mshift<641>",7230,94297.7,94261.8,ns,,,,,
"mshift_promoted<641>",5315,131342,131290,ns,,,,,
"mcomp<641>",8609,81287,81257.6,ns,,,,,
"mcomp_promoted<641>",8679,77639,77608.5,ns,,,,,
"new_algo<641>",6682,104311,104270,ns,,,,,
"built_in<642>",9603,70542.2,70515.1,ns,,,,,
"built_in_distance<642>",9643,70579.6,70554.2,ns,,,,,
"mshift<642>",7146,94997.3,94963.5,ns,,,,,
"mshift_promoted<642>",7107,94881.1,94844.5,ns,,,,,
"mcomp<642>",8891,77074.1,77043,ns,,,,,
"mcomp_promoted<642>",8335,82029.7,81988.2,ns,,,,,
"built_in<643>",9702,70540.4,70515.4,ns,,,,,
"built_in_distance<643>",9472,69781.9,69755.2,ns,,,,,
"mshift<643>",7168,95093.7,95056.3,ns,,,,,
"mshift_promoted<643>",7318,94890,94852.3,ns,,,,,
"mcomp<643>",8426,81377.7,81348.4,ns,,,,,
"mcomp_promoted<643>",8587,78966.9,78936.4,ns,,,,,
"built_in<644>",8946,75478.8,75449.5,ns,,,,,
"built_in_distance<644>",8879,74905.7,74877.5,ns,,,,,
"mshift<644>",7081,95272.7,95237.5,ns,,,,,
"mshift_promoted<644>",7218,94799.6,94751.7,ns,,,,,
"mcomp<644>",9125,77300.2,77268.4,ns,,,,,
"mcomp_promoted<644>",8398,81214.2,81182.6,ns,,,,,
"new_algo<644>",6141,110864,110822,ns,,,,,
"built_in<645>",8568,81620.2,81589.6,ns,,,,,
"built_in_distance<645>",8343,81837.3,81804.6,ns,,,,,
"mshift<645>",7132,94707.3,94670.3,ns,,,,,
"mshift_promoted<645>",7085,96011.2,95973.4,ns,,,,,
"mcomp<645>",8456,81537.6,81508.5,ns,,,,,
"mcomp_promoted<645>",9189,76121.9,76090.5,ns,,,,,
"new_algo<645>",6340,111388,111345,ns,,,,,
"built_in<646>",8906,76124.4,76094.6,ns,,,,,
"built_in_distance<646>",8998,75951.5,75924.8,ns,,,,,
"mshift<646>",7209,95579.6,95545.6,ns,,,,,
"mshift_promoted<646>",7358,95872.9,95834.1,ns,,,,,
"mcomp<646>",8821,77258.4,77228.6,ns,,,,,
"mcomp_promoted<646>",8437,82665.1,82632.4,ns,,,,,
"built_in<647>",9664,70640.2,70615.8,ns,,,,,
"built_in_distance<647>",9621,70851.4,70815.5,ns,,,,,
"mshift<647>",7142,94997.6,94960,ns,,,,,
"mshift_promoted<647>",7116,95805.1,95766.2,ns,,,,,
"mcomp<647>",8371,81835.7,81805.2,ns,,,,,
"mcomp_promoted<647>",8794,78207,78178.6,ns,,,,,
"built_in<648>",8125,86610.4,86575.6,ns,,,,,
"built_in_distance<648>",8212,85794,85760.2,ns,,,,,
"mshift<648>",7358,96300.4,96259.6,ns,,,,,
"mshift_promoted<648>",7145,94695.8,94662.1,ns,,,,,
"mcomp<648>",9104,77259.1,77220.7,ns,,,,,
"mcomp_promoted<648>",8229,81590.5,81557.6,ns,,,,,
"new_algo<648>",6189,111170,111125,ns,,,,,
"built_in<649>",8395,81095.7,81066.3,ns,,,,,
"built_in_distance<649>",8402,81291.6,81263.1,ns,,,,,
"mshift<649>",7218,95553,95516.1,ns,,,,,
"mshift_promoted<649>",7213,96620.1,96581.5,ns,,,,,
"mcomp<649>",8345,81897.9,81865.6,ns,,,,,
"mcomp_promoted<649>",8752,76659,76631.2,ns,,,,,
"built_in<650>",9652,70291.1,70255.3,ns,,,,,
"built_in_distance<650>",9756,70151.9,70123.8,ns,,,,,
"mshift<650>",7173,95923.3,95885.4,ns,,,,,
"mshift_promoted<650>",7196,95098.6,95064.3,ns,,,,,
"mcomp<650>",8928,77842.1,77809.5,ns,,,,,
"mcomp_promoted<650>",8382,81986.9,81954.6,ns,,,,,
"new_algo<650>",6114,116584,116539,ns,,,,,
"built_in<651>",9431,70300.8,70274,ns,,,,,
"built_in_distance<651>",9709,70953.9,70927.8,ns,,,,,
"mshift<651>",7410,95299.9,95250.8,ns,,,,,
"mshift_promoted<651>",7070,96600.4,96562.2,ns,,,,,
"mcomp<651>",8496,80835.7,80804.7,ns,,,,,
"mcomp_promoted<651>",8849,78434,78405.5,ns,,,,,
"new_algo<651>",6049,112793,112751,ns,,,,,
"built_in<652>",9667,70361.5,70333,ns,,,,,
"built_in_distance<652>",9451,70501.6,70473.4,ns,,,,,
"mshift<652>",7116,95193.6,95159.3,ns,,,,,
"mshift_promoted<652>",7176,94550.9,94517,ns,,,,,
"mcomp<652>",8704,77337.8,77307.1,ns,,,,,
"mcomp_promoted<652>",8291,81556.7,81523.9,ns,,,,,
"built_in<653>",9723,70218.8,70191.6,ns,,,,,
"built_in_distance<653>",6831,102214,102176,ns,,,,,
"mshift<653>",7070,95689.7,95652.3,ns,,,,,
"mshift_promoted<653>",7214,95411.8,95374.6,ns,,,,,
"mcomp<653>",8395,81555.9,81521.7,ns,,,,,
"mcomp_promoted<653>",8949,77406.6,77379.2,ns,,,,,
"built_in<654>",9078,75206.8,75177.5,ns,,,,,
"built_in_distance<654>",9254,74718.7,74689.3,ns,,,,,
"mshift<654>",7234,95309.3,95272.9,ns,,,,,
"mshift_promoted<654>",7409,95965.5,95926.1,ns,,,,,
"mcomp<654>",8765,77314.7,77287.1,ns,,,,,
"mcomp_promoted<654>",8548,82272.2,82240.5,ns,,,,,
"new_algo<654>",6114,110795,110752,ns,,,,,
"built_in<655>",7399,91965.3,91929.4,ns,,,,,
"built_in_distance<655>",7463,91988.9,91954,ns,,,,,
"mshift<655>",7075,95694.8,95660.3,ns,,,,,
"mshift_promoted<655>",7153,96209.9,96160.8,ns,,,,,
"mcomp<655>",8385,82743,82710.6,ns,,,,,
"mcomp_promoted<655>",8762,76751.2,76722.5,ns,,,,,
"built_in<656>",8561,80055,80025.6,ns,,,,,
"built_in_distance<656>",8451,79350.3,79319.8,ns,,,,,
"mshift<656>",7128,95880.8,95844.2,ns,,,,,
"mshift_promoted<656>",7121,95983.8,95945.9,ns,,,,,
"mcomp<656>",8966,75718,75689.8,ns,,,,,
"mcomp_promoted<656>",8624,81509.2,81477.4,ns,,,,,
"new_algo<656>",6134,112428,112369,ns,,,,,
"built_in<657>",6890,97758.3,97721,ns,,,,,
"built_in_distance<657>",7167,98317.6,98279.1,ns,,,,,
"mshift<657>",7197,95305.2,95270.7,ns,,,,,
"mshift_promoted<657>",7178,93972.7,93936.1,ns,,,,,
"mcomp<657>",8305,81961,81927.5,ns,,,,,
"mcomp_promoted<657>",8704,78066.7,78035.6,ns,,,,,
"new_algo<657>",6130,112472,112430,ns,,,,,
"built_in<658>",9417,74216.5,74187.7,ns,,,,,
"built_in_distance<658>",9112,74966.2,74928.6,ns,,,,,
"mshift<658>",7409,95347.9,95310.3,ns,,,,,
"mshift_promoted<658>",7144,96384.2,96345.4,ns,,,,,
"mcomp<658>",8826,76718.6,76691,ns,,,,,
"mcomp_promoted<658>",8344,81271.4,81239.9,ns,,,,,
"built_in<659>",9450,71275.8,71246.4,ns,,,,,
"built_in_distance<659>",9705,70954.6,70925.3,ns,,,,,
"mshift<659>",7203,95625.8,95589.4,ns,,,,,
"mshift_promoted<659>",7194,94507.3,94470.1,ns,,,,,
"mcomp<659>",8495,81660.4,81628.5,ns,,,,,
"mcomp_promoted<659>",8808,77787.5,77757.2,ns,,,,,
"built_in<660>",9651,70553.4,70526.7,ns,,,,,
"built_in_distance<660>",9901,70631.4,70602.6,ns,,,,,
"mshift<660>",7093,94456.2,94419.5,ns,,,,,
"mshift_promoted<660>",7317,94415.8,94379.6,ns,,,,,
"mcomp<660>",8517,78212.1,78183.3,ns,,,,,
"mcomp_promoted<660>",8369,81993.7,81962.7,ns,,,,,
"new_algo<660>",6206,111666,111622,ns,,,,,
"built_in<661>",9618,70998.1,70961.3,ns,,,,,
"built_in_distance<661>",9857,70608.1,70580.3,ns,,,,,
"mshift<661>",7135,95316.8,95281.6,ns,,,,,
"mshift_promoted<661>",7120,94796.3,94756.5,ns,,,,,
"mcomp<661>",8265,80944.6,80913.3,ns,,,,,
"mcomp_promoted<661>",8973,76346.3,76317.2,ns,,,,,
"built_in<662>",6844,101051,101015,ns,,,,,
"built_in_distance<662>",9713,70092.5,70065.4,ns,,,,,
"mshift<662>",7176,95586,95546.8,ns,,,,,
"mshift_promoted<662>",7367,94873.1,94827.1,ns,,,,,
"mcomp<662>",8669,77548.9,77520.1,ns,,,,,
"mcomp_promoted<662>",8390,82045.9,82015.8,ns,,,,,
"new_algo<662>",6302,112143,112099,ns,,,,,
"built_in<663>",7331,91718.2,91681.8,ns,,,,,
"built_in_distance<663>",7561,91953.5,91917.5,ns,,,,,
"mshift<663>",7144,95629.8,95595.1,ns,,,,,
"mshift_promoted<663>",7250,94956.8,94922.6,ns,,,,,
"mcomp<663>",8288,82681.1,82648,ns,,,,,
"mcomp_promoted<663>",8701,76351.4,76313.3,ns,,,,,
"new_algo<663>",6235,110978,110935,ns,,,,,
"built_in<664>",9646,71090.1,71063.8,ns,,,,,
"built_in_distance<664>",9493,70737.7,70709.2,ns,,,,,
"mshift<664>",7106,94339.9,94302.4,ns,,,,,
"mshift_promoted<664>",7273,95313.1,95275.2,ns,,,,,
"mcomp<664>",8798,78351.7,78322.5,ns,,,,,
"mcomp_promoted<664>",8233,82160.5,82127.3,ns,,,,,
"built_in<665>",7460,92035.5,91998.8,ns,,,,,
"built_in_distance<665>",7379,93016.1,92969.2,ns,,,,,
"mshift<665>",7221,95259.9,95225.3,ns,,,,,
"mshift_promoted<665>",7397,94780.6,94744.4,ns,,,,,
"mcomp<665>",8372,81503.9,81472.1,ns,,,,,
"mcomp_promoted<665>",8661,78184.5,78153.8,ns,,,,,
"new_algo<665>",6056,112014,111970,ns,,,,,
"built_in<666>",9190,74888.3,74861.8,ns,,,,,
"built_in_distance<666>",8944,75313.7,75283.4,ns,,,,,
"mshift<666>",7149,96300.8,96263.3,ns,,,,,
"mshift_promoted<666>",7234,95725.9,95684.2,ns,,,,,
"mcomp<666>",8886,77296.2,77269.1,ns,,,,,
"mcomp_promoted<666>",8439,81722.4,81693.3,ns,,,,,
"new_algo<666>",6179,110770,110726,ns,,,,,
"built_in<667>",9652,70733.5,70704.9,ns,,,,,
"built_in_distance<667>",9952,70085.3,70057.8,ns,,,,,
"mshift<667>",7150,94881.4,94847.4,ns,,,,,
"mshift_promoted<667>",7277,95935.3,95896.3,ns,,,,,
"mcomp<667>",8445,81706.3,81672.9,ns,,,,,
"mcomp_promoted<667>",8806,77482.9,77443.1,ns,,,,,
"built_in<668>",9827,69832.6,69808,ns,,,,,
"built_in_distance<668>",9819,70927.8,70899.8,ns,,,,,
"mshift<668>",7101,96513.1,96475.3,ns,,,,,
"mshift_promoted<668>",7092,95395.5,95355.6,ns,,,,,
"mcomp<668>",8896,76206.6,76179,ns,,,,,
"mcomp_promoted<668>",8356,80706.2,80677.4,ns,,,,,
"built_in<669>",9890,70196.8,70168.8,ns,,,,,
"built_in_distance<669>",9853,71102.6,71074.9,ns,,,,,
"mshift<669>",7180,95561.9,95511.8,ns,,,,,
"mshift_promoted<669>",7123,94635.8,94602.9,ns,,,,,
"mcomp<669>",8272,81120.6,81089.1,ns,,,,,
"mcomp_promoted<669>",8785,76964.4,76934.6,ns,,,,,
"built_in<670>",9691,71858.7,71829.9,ns,,,,,
"built_in_distance<670>",9702,70427.7,70402.4,ns,,,,,
"mshift<670>",7135,94182.7,94146.1,ns,,,,,
"mshift_promoted<670>",7116,95036.7,94999.3,ns,,,,,
"mcomp<670>",8718,77942.2,77911,ns,,,,,
"mcomp_promoted<670>",8446,81382.7,81353.5,ns,,,,,
"built_in<671>",7505,92764,92729.9,ns,,,,,
"built_in_distance<671>",7378,92254.2,92216,ns,,,,,
"mshift<671>",7166,94800.5,94763.4,ns,,,,,
"mshift_promoted<671>",7113,95689,95651.5,ns,,,,,
"mcomp<671>",8476,81457.7,81428.9,ns,,,,,
"mcomp_promoted<671>",8636,79108.7,79077.4,ns,,,,,
"new_algo<671>",6110,112267,112221,ns,,,,,
"built_in<672>",8182,82628.5,82595.9,ns,,,,,
"built_in_distance<672>",8259,81947.7,81918.1,ns,,,,,
"mshift<672>",7275,95039.5,94992.1,ns,,,,,
"mshift_promoted<672>",7098,95786,95748.4,ns,,,,,
"mcomp<672>",8896,76134.5,76104.3,ns,,,,,
"mcomp_promoted<672>",8286,81356.5,81327.1,ns,,,,,
"new_algo<672>",6149,111759,111718,ns,,,,,
"built_in<673>",9885,71171.9,71144.1,ns,,,,,
"built_in_distance<673>",9477,70528.3,70502.8,ns,,,,,
"mshift<673>",7127,95327.8,95288.5,ns,,,,,
"mshift_promoted<673>",7139,94717.4,94683.4,ns,,,,,
"mcomp<673>",8380,81291.7,81259.2,ns,,,,,
"mcomp_promoted<673>",9070,77896.9,77866.4,ns,,,,,
"new_algo<673>",6320,111139,111095,ns,,,,,
"built_in<674>",9454,71098.7,71071.2,ns,,,,,
"built_in_distance<674>",9709,70158.2,70133,ns,,,,,
"mshift<674>",7285,94817.8,94781.6,ns,,,,,
"mshift_promoted<674>",7294,95369.2,95332.3,ns,,,,,
"mcomp<674>",8795,79692.2,79659.7,ns,,,,,
"mcomp_promoted<674>",8401,81321.5,81290.8,ns,,,,,
"new_algo<674>",6921,98667.6,98626.7,ns,,,,,
"built_in<675>",9776,70358.8,70331.4,ns,,,,,
"built_in_distance<675>",9686,71294,71265.5,ns,,,,,
"mshift<675>",7167,94865.8,94831.2,ns,,,,,
"mshift_promoted<675>",7454,95364.1,95327.2,ns,,,,,
"mcomp<675>",8358,81066.2,81034.6,ns,,,,,
"mcomp_promoted<675>",8811,77008.7,76978.7,ns,,,,,
"built_in<676>",9290,75427.3,75400,ns,,,,,
"built_in_distance<676>",9067,75331,75304.1,ns,,,,,
"mshift<676>",7313,95209.4,95170.3,ns,,,,,
"mshift_promoted<676>",7288,94648.7,94612.5,ns,,,,,
"mcomp<676>",8801,76348.6,76318.5,ns,,,,,
"mcomp_promoted<676>",8316,81542,81513.1,ns,,,,,
"built_in<677>",9711,70843.3,70815.4,ns,,,,,
"built_in_distance<677>",9631,70083.8,70055.9,ns,,,,,
"mshift<677>",7104,94551,94515.2,ns,,,,,
"mshift_promoted<677>",7268,95391,95356.9,ns,,,,,
"mcomp<677>",8271,81795,81764.5,ns,,,,,
"mcomp_promoted<677>",8882,77567.9,77527.7,ns,,,,,
"built_in<678>",9703,70379.1,70351.3,ns,,,,,
"built_in_distance<678>",9447,70489.3,70463.5,ns,,,,,
"mshift<678>",7288,94877.7,94843.3,ns,,,,,
"mshift_promoted<678>",7210,95983.7,95944.2,ns,,,,,
"mcomp<678>",8823,77231.4,77200.7,ns,,,,,
"mcomp_promoted<678>",8487,82764.7,82731.7,ns,,,,,
"new_algo<678>",6104,113001,112958,ns,,,,,
"built_in<679>",9872,70596.8,70569.2,ns,,,,,
"built_in_distance<679>",9604,70422,70385.2,ns,,,,,
"mshift<679>",7075,94217.7,94182.3,ns,,,,,
"mshift_promoted<679>",7170,94570.7,94537,ns,,,,,
"mcomp<679>",8446,83006.1,82974.8,ns,,,,,
"mcomp_promoted<679>",9073,76510.1,76479.9,ns,,,,,
"new_algo<679>",6325,111240,111196,ns,,,,,
"built_in<680>",9567,70738.2,70710.8,ns,,,,,
"built_in_distance<680>",9671,70787.1,70761.3,ns,,,,,
"mshift<680>",7213,95189,95150.1,ns,,,,,
"mshift_promoted<680>",7083,96595.4,96546.5,ns,,,,,
"mcomp<680>",8854,76796.4,76765,ns,,,,,
"mcomp_promoted<680>",8285,81128.9,81100.3,ns,,,,,
"new_algo<680>",6187,110740,110696,ns,,,,,
"built_in<681>",9629,71791.1,71761,ns,,,,,
"built_in_distance<681>",9809,69849.6,69821.9,ns,,,,,
"mshift<681>",7154,95992.6,95957.7,ns,,,,,
"mshift_promoted<681>",7156,95746.1,95710.3,ns,,,,,
"mcomp<681>",8316,82348.7,82315.9,ns,,,,,
"mcomp_promoted<681>",8827,77728.7,77688.3,ns,,,,,
"built_in<682>",9257,74857.6,74828.7,ns,,,,,
"built_in_distance<682>",8982,75405.1,75378.4,ns,,,,,
"mshift<682>",7174,94622.2,94584,ns,,,,,
"mshift_promoted<682>",7078,94900.1,94862.9,ns,,,,,
"mcomp<682>",8754,76184.5,76152.9,ns,,,,,
"mcomp_promoted<682>",8287,81622.5,81592.6,ns,,,,,
"new_algo<682>",6118,111318,111273,ns,,,,,
"built_in<683>",7361,91819.7,91783.6,ns,,,,,
"built_in_distance<683>",7474,92238.5,92192.4,ns,,,,,
"mshift<683>",7225,94432,94396.8,ns,,,,,
"mshift_promoted<683>",7108,94583.4,94548.6,ns,,,,,
"mcomp<683>",8307,82040.7,82008,ns,,,,,
"mcomp_promoted<683>",9141,77133.4,77103.5,ns,,,,,
"new_algo<683>",6126,111775,111729,ns,,,,,
"built_in<684>",9650,70690,70663.9,ns,,,,,
"built_in_distance<684>",9587,70135.5,70107.3,ns,,,,,
"mshift<684>",7312,95589.4,95550.5,ns,,,,,
"mshift_promoted<684>",7226,94806.3,94758.7,ns,,,,,
"mcomp<684>",8930,77124.9,77096.3,ns,,,,,
"mcomp_promoted<684>",8373,81412.6,81382.6,ns,,,,,
"new_algo<684>",6163,112321,112274,ns,,,,,
"built_in<685>",7386,91727.4,91691.4,ns,,,,,
"built_in_distance<685>",7525,92414.9,92378.4,ns,,,,,
"mshift<685>",7167,95464.7,95430,ns,,,,,
"mshift_promoted<685>",7262,94268.2,94231.3,ns,,,,,
"mcomp<685>",8345,82045.8,82012.1,ns,,,,,
"mcomp_promoted<685>",9202,76789.4,76751.5,ns,,,,,
"built_in<686>",9733,71050.6,71024.5,ns,,,,,
"built_in_distance<686>",9609,69976.7,69952.1,ns,,,,,
"mshift<686>",7253,96734.2,96696.2,ns,,,,,
"mshift_promoted<686>",7047,96604.8,96564.7,ns,,,,,
"mcomp<686>",8684,78438.6,78406.9,ns,,,,,
"mcomp_promoted<686>",8379,82084.9,82055.3,ns,,,,,
"built_in<687>",7552,91235,91199.2,ns,,,,,
"built_in_distance<687>",7331,92305.8,92269.1,ns,,,,,
"mshift<687>",7254,95076.2,95037.4,ns,,,,,
"mshift_promoted<687>",7118,95916.6,95877.5,ns,,,,,
"mcomp<687>",8547,81358.7,81329.4,ns,,,,,
"mcomp_promoted<687>",9071,76871.1,76841.1,ns,,,,,
"built_in<688>",9605,71047,71019,ns,,,,,
"built_in_distance<688>",9752,70802.1,70775.4,ns,,,,,
"mshift<688>",7106,95673.6,95638.5,ns,,,,,
"mshift_promoted<688>",7100,94620.3,94584.2,ns,,,,,
"mcomp<688>",9036,77179.8,77149.1,ns,,,,,
"mcomp_promoted<688>",8333,81488.3,81456.1,ns,,,,,
"new_algo<688>",6064,111605,111563,ns,,,,,
"built_in<689>",9836,70504.2,70475.8,ns,,,,,
"built_in_distance<689>",9766,70240.8,70213.7,ns,,,,,
"mshift<689>",7134,95791.2,95752.7,ns,,,,,
"mshift_promoted<689>",7226,95579.7,95545.5,ns,,,,,
"mcomp<689>",8339,81891.1,81859.3,ns,,,,,
"mcomp_promoted<689>",8670,76498.6,76469.7,ns,,,,,
"built_in<690>",9898,70342.6,70315.1,ns,,,,,
"built_in_distance<690>",9775,70733.6,70708.4,ns,,,,,
"mshift<690>",7124,94527.4,94493.4,ns,,,,,
"mshift_promoted<690>",7196,94684.4,94646,ns,,,,,
"mcomp<690>",8923,77607.2,77576.2,ns,,,,,
"mcomp_promoted<690>",8309,81737.9,81704.4,ns,,,,,
"new_algo<690>",6108,112429,112388,ns,,,,,
"built_in<691>",9754,71003.7,70974.9,ns,,,,,
"built_in_distance<691>",9731,70061,70033.1,ns,,,,,
"mshift<691>",7120,95322.1,95284.4,ns,,,,,
"mshift_promoted<691>",7346,94826,94792.3,ns,,,,,
"mcomp<691>",8494,81668,81639,ns,,,,,
"mcomp_promoted<691>",9182,76414.2,76385,ns,,,,,
"built_in<692>",9643,70194.9,70167.7,ns,,,,,
"built_in_distance<692>",9773,70910.6,70882.1,ns,,,,,
"mshift<692>",7164,95140.2,95104.7,ns,,,,,
"mshift_promoted<692>",7215,95932.1,95894.2,ns,,,,,
"mcomp<692>",8852,77260.9,77230.4,ns,,,,,
"mcomp_promoted<692>",8455,81434.4,81401.8,ns,,,,,
"built_in<693>",9848,70876.7,70849.7,ns,,,,,
"built_in_distance<693>",9565,71002.2,70962.5,ns,,,,,
"mshift<693>",7249,95045.5,95007.6,ns,,,,,
"mshift_promoted<693>",7219,93947,93910.9,ns,,,,,
"mcomp<693>",8321,82147.7,82117.1,ns,,,,,
"mcomp_promoted<693>",8719,78528.3,78499.9,ns,,,,,
"new_algo<693>",6124,111168,111125,ns,,,,,
"built_in<694>",9170,74582.8,74554.2,ns,,,,,
"built_in_distance<694>",9130,74841.5,74813,ns,,,,,
"mshift<694>",7200,95825.7,95789.5,ns,,,,,
"mshift_promoted<694>",7340,95439.9,95400.6,ns,,,,,
"mcomp<694>",9165,78661.5,78629.1,ns,,,,,
"mcomp_promoted<694>",8284,82070.7,82039.8,ns,,,,,
"built_in<695>",9591,70885.2,70860.2,ns,,,,,
"built_in_distance<695>",9459,70400.5,70375.1,ns,,,,,
"mshift<695>",7150,95174.1,95135.6,ns,,,,,
"mshift_promoted<695>",7155,95241,95203,ns,,,,,
"mcomp<695>",8377,80614.6,80583.8,ns,,,,,
"mcomp_promoted<695>",8905,76913.9,76886.1,ns,,,,,
"built_in<696>",9797,71159,71130.7,ns,,,,,
"built_in_distance<696>",9675,71031,71002,ns,,,,,
"mshift<696>",7122,94195.8,94160.3,ns,,,,,
"mshift_promoted<696>",7106,96304.9,96270.1,ns,,,,,
"mcomp<696>",8957,77375.6,77344.9,ns,,,,,
"mcomp_promoted<696>",8254,81524.4,81492.3,ns,,,,,
"new_algo<696>",6080,110278,110233,ns,,,,,
"built_in<697>",9478,71303,71277.8,ns,,,,,
"built_in_distance<697>",9432,70650.5,70622,ns,,,,,
"mshift<697>",7119,94022.9,93976,ns,,,,,
"mshift_promoted<697>",7240,95366.1,95326.1,ns,,,,,
"mcomp<697>",8392,81633.9,81604.6,ns,,,,,
"mcomp_promoted<697>",8946,76973.4,76945.3,ns,,,,,
"new_algo<697>",6277,111821,111777,ns,,,,,
"built_in<698>",9643,71164.6,71136.7,ns,,,,,
"built_in_distance<698>",9681,70785.3,70757.8,ns,,,,,
"mshift<698>",7324,94921.5,94887.7,ns,,,,,
"mshift_promoted<698>",7105,94958.9,94920.3,ns,,,,,
"mcomp<698>",8620,77485.3,77454.9,ns,,,,,
"mcomp_promoted<698>",8463,81938.6,81904.7,ns,,,,,
"built_in<699>",9780,70048.6,70024.3,ns,,,,,
"built_in_distance<699>",9585,70175.4,70148.2,ns,,,,,
"mshift<699>",7208,94925.2,94887.3,ns,,,,,
"mshift_promoted<699>",7245,95210.3,95173.6,ns,,,,,
"mcomp<699>",8423,81976.7,81946.5,ns,,,,,
"mcomp_promoted<699>",8758,77268.1,77241.6,ns,,,,,
"new_algo<699>",6316,112188,112144,ns,,,,,
"built_in<700>",9485,70728.2,70698.5,ns,,,,,
"built_in_distance<700>",9428,70472.9,70444.6,ns,,,,,
"mshift<700>",7092,94092.1,94059.3,ns,,,,,
"mshift_promoted<700>",7081,95102.1,95065.1,ns,,,,,
"mcomp<700>",8965,77720.2,77690.2,ns,,,,,
"mcomp_promoted<700>",8535,81721.5,81687.9,ns,,,,,
"new_algo<700>",6166,111195,111154,ns,,,,,
"built_in<701>",9915,71552.5,71525.6,ns,,,,,
"built_in_distance<701>",9815,70208.4,70180.6,ns,,,,,
"mshift<701>",7123,95197.6,95150.2,ns,,,,,
"mshift_promoted<701>",7117,95543.8,95503.5,ns,,,,,
"mcomp<701>",8289,81871.5,81842.5,ns,,,,,
"mcomp_promoted<701>",8997,77003.4,76973.5,ns,,,,,
"built_in<702>",9007,76050.6,76020.4,ns,,,,,
"built_in_distance<702>",8950,74569.7,74540.7,ns,,,,,
"mshift<702>",7296,94871.8,94835.9,ns,,,,,
"mshift_promoted<702>",7089,94900.1,94863.2,ns,,,,,
"mcomp<702>",8676,77377.7,77346.5,ns,,,,,
"mcomp_promoted<702>",8439,81338.4,81298.2,ns,,,,,
"new_algo<702>",6083,110833,110794,ns,,,,,
"built_in<703>",7645,92220.9,92186.2,ns,,,,,
"built_in_distance<703>",7355,92734.6,92697.9,ns,,,,,
"mshift<703>",7158,96466.3,96427.6,ns,,,,,
"mshift_promoted<703>",7156,94892.8,94858.5,ns,,,,,
"mcomp<703>",8451,82127,82097.6,ns,,,,,
"mcomp_promoted<703>",9097,77355.6,77324,ns,,,,,
"new_algo<703>",6140,110800,110757,ns,,,,,
"built_in<704>",8601,79565.7,79525.7,ns,,,,,
"built_in_distance<704>",8512,79940,79911.3,ns,,,,,
"mshift<704>",7180,96101.6,96066.8,ns,,,,,
"mshift_promoted<704>",7427,94763.2,94725.8,ns,,,,,
"mcomp<704>",8792,76547.1,76516.9,ns,,,,,
"mcomp_promoted<704>",8455,81348.9,81315.8,ns,,,,,
"new_algo<704>",6105,111089,111048,ns,,,,,
"built_in<705>",9832,70251.4,70223.9,ns,,,,,
"built_in_distance<705>",9690,70609.1,70581.5,ns,,,,,
"mshift<705>",7188,95977.2,95938.1,ns,,,,,
"mshift_promoted<705>",5293,130659,130613,ns,,,,,
"mcomp<705>",8256,82270.4,82241,ns,,,,,
"mcomp_promoted<705>",8842,78003,77972.8,ns,,,,,
"built_in<706>",9746,70432.2,70403.7,ns,,,,,
"built_in_distance<706>",9920,70782.4,70753.8,ns,,,,,
"mshift<706>",7312,94958.5,94924.2,ns,,,,,
"mshift_promoted<706>",7328,95440.4,95402.7,ns,,,,,
"mcomp<706>",8816,77942.3,77912.5,ns,,,,,
"mcomp_promoted<706>",8346,81918.9,81877.8,ns,,,,,
"built_in<707>",7353,93082,93046.4,ns,,,,,
"built_in_distance<707>",7520,91877.9,91845.5,ns,,,,,
"mshift<707>",7144,95851.2,95813.1,ns,,,,,
"mshift_promoted<707>",7175,95908.1,95870.7,ns,,,,,
"mcomp<707>",8227,82794.2,82760.6,ns,,,,,
"mcomp_promoted<707>",8756,77320.4,77292,ns,,,,,
"built_in<708>",9489,71029.6,71001.6,ns,,,,,
"built_in_distance<708>",9880,70043.9,70017.1,ns,,,,,
"mshift<708>",7093,95399.8,95351.5,ns,,,,,
"mshift_promoted<708>",7376,95375.6,95340.7,ns,,,,,
"mcomp<708>",8904,77891.5,77859.4,ns,,,,,
"mcomp_promoted<708>",8376,81962.8,81930.4,ns,,,,,
"new_algo<708>",6163,109858,109816,ns,,,,,
"built_in<709>",9820,70763,70737.2,ns,,,,,
"built_in_distance<709>",9758,70756.5,70731.4,ns,,,,,
"mshift<709>",7124,95086.1,95047.1,ns,,,,,
"mshift_promoted<709>",7115,95162.3,95125.7,ns,,,,,
"mcomp<709>",8565,82053.6,82013.6,ns,,,,,
"mcomp_promoted<709>",9025,77590.6,77560.8,ns,,,,,
"built_in<710>",9926,71424.2,71396.1,ns,,,,,
"built_in_distance<710>",9520,71128.4,71098.8,ns,,,,,
"mshift<710>",7110,94525,94487.9,ns,,,,,
"mshift_promoted<710>",7144,94097,94064.1,ns,,,,,
"mcomp<710>",8658,78117.7,78089.6,ns,,,,,
"mcomp_promoted<710>",8412,82154.9,82122,ns,,,,,
"built_in<711>",9799,70864.9,70834.5,ns,,,,,
"built_in_distance<711>",9619,71025.4,70999.7,ns,,,,,
"mshift<711>",7147,96001.6,95965.5,ns,,,,,
"mshift_promoted<711>",7099,95504.3,95466.5,ns,,,,,
"mcomp<711>",8248,81713.4,81681.9,ns,,,,,
"mcomp_promoted<711>",8942,77207.8,77177.3,ns,,,,,
"built_in<712>",9075,74768.2,74741.9,ns,,,,,
"built_in_distance<712>",8963,74288.1,74258.9,ns,,,,,
"mshift<712>",7099,96820,96782.5,ns,,,,,
"mshift_promoted<712>",7347,95793.7,95756.7,ns,,,,,
"mcomp<712>",8731,77506.1,77477.5,ns,,,,,
"mcomp_promoted<712>",8596,82045.1,82003.2,ns,,,,,
"new_algo<712>",6268,112246,112202,ns,,,,,
"built_in<713>",9678,70421.4,70394.3,ns,,,,,
"built_in_distance<713>",9459,70944.6,70917.1,ns,,,,,
"mshift<713>",7078,95608.2,95572.6,ns,,,,,
"mshift_promoted<713>",7269,96450.9,96410.1,ns,,,,,
"mcomp<713>",8612,81794.8,81762.8,ns,,,,,
"mcomp_promoted<713>",8930,77511.1,77481.1,ns,,,,,
"new_algo<713>",6105,112051,112011,ns,,,,,
"built_in<714>",8968,75780.4,75751.9,ns,,,,,
"built_in_distance<714>",9250,74503.5,74473.9,ns,,,,,
"mshift<714>",7091,94857.8,94820.6,ns,,,,,
"mshift_promoted<714>",7136,95923,95885.5,ns,,,,,
"mcomp<714>",8841,77629.3,77601.6,ns,,,,,
"mcomp_promoted<714>",8555,81782.6,81750.2,ns,,,,,
"new_algo<714>",6211,111189,111144,ns,,,,,
"built_in<715>",9804,70734.2,70706.4,ns,,,,,
"built_in_distance<715>",9873,70757.7,70732.6,ns,,,,,
"mshift<715>",7079,96230.6,96182.5,ns,,,,,
"mshift_promoted<715>",7400,95165.1,95127.8,ns,,,,,
"mcomp<715>",8336,82110.2,82077.3,ns,,,,,
"mcomp_promoted<715>",8778,78230.7,78199.4,ns,,,,,
"new_algo<715>",6320,111402,111362,ns,,,,,
"built_in<716>",9788,71447.6,71419.3,ns,,,,,
"built_in_distance<716>",9703,71408.5,71379.2,ns,,,,,
"mshift<716>",7397,95587.2,95546.5,ns,,,,,
"mshift_promoted<716>",7280,94646.9,94612,ns,,,,,
"mcomp<716>",8847,76693.7,76665,ns,,,,,
"mcomp_promoted<716>",8529,82427.5,82393,ns,,,,,
"built_in<717>",9654,70824.2,70796.3,ns,,,,,
"built_in_distance<717>",6659,102090,102047,ns,,,,,
"mshift<717>",7120,95175.6,95141.2,ns,,,,,
"mshift_promoted<717>",7211,94205.4,94168.7,ns,,,,,
"mcomp<717>",8441,82085.5,82052.9,ns,,,,,
"mcomp_promoted<717>",8793,76770.2,76739.4,ns,,,,,
"built_in<718>",9276,74578.4,74550,ns,,,,,
"built_in_distance<718>",9396,74946.7,74908.8,ns,,,,,
"mshift<718>",7227,96213.6,96175.7,ns,,,,,
"mshift_promoted<718>",7190,96219.8,96181.5,ns,,,,,
"mcomp<718>",8772,79969.6,79936.3,ns,,,,,
"mcomp_promoted<718>",8616,81772.3,81740.9,ns,,,,,
"built_in<719>",7366,93319.7,93283,ns,,,,,
"built_in_distance<719>",7334,92556.3,92518.7,ns,,,,,
"mshift<719>",7389,95456.2,95417.4,ns,,,,,
"mshift_promoted<719>",7212,95380.7,95346.2,ns,,,,,
"mcomp<719>",8341,81774.7,81742.8,ns,,,,,
"mcomp_promoted<719>",8991,77867.1,77836.9,ns,,,,,
"built_in<720>",9619,71041.8,71013.2,ns,,,,,
"built_in_distance<720>",9762,70563.3,70538.4,ns,,,,,
"mshift<720>",7087,95397.8,95364,ns,,,,,
"mshift_promoted<720>",7249,94331.3,94292.2,ns,,,,,
"mcomp<720>",8844,77084.9,77055.2,ns,,,,,
"mcomp_promoted<720>",8361,81735.2,81702.1,ns,,,,,
"new_algo<720>",6192,111234,111194,ns,,,,,
"built_in<721>",9896,70474.2,70446,ns,,,,,
"built_in_distance<721>",9773,70489.9,70461.3,ns,,,,,
"mshift<721>",7074,95199.2,95162,ns,,,,,
"mshift_promoted<721>",7128,96553,96518.4,ns,,,,,
"mcomp<721>",8412,81679,81649.8,ns,,,,,
"mcomp_promoted<721>",8864,77074.3,77044.6,ns,,,,,
"new_algo<721>",6213,111821,111775,ns,,,,,
"built_in<722>",9552,70364.5,70336.3,ns,,,,,
"built_in_distance<722>",9499,70922.3,70896.4,ns,,,,,
"mshift<722>",7214,95516.4,95478.8,ns,,,,,
"mshift_promoted<722>",7173,94919.2,94882.7,ns,,,,,
"mcomp<722>",8786,77552.5,77521.8,ns,,,,,
"mcomp_promoted<722>",8487,81596.9,81566.4,ns,,,,,
"built_in<723>",7388,91781.3,91745.2,ns,,,,,
"built_in_distance<723>",7482,92252,92214.5,ns,,,,,
"mshift<723>",7157,95424.1,95386.1,ns,,,,,
"mshift_promoted<723>",7104,95147.2,95109.6,ns,,,,,
"mcomp<723>",8346,82153.7,82122.8,ns,,,,,
"mcomp_promoted<723>",8807,76555.3,76525.4,ns,,,,,
"new_algo<723>",6203,110319,110276,ns,,,,,
"built_in<724>",9057,74915.7,74885.8,ns,,,,,
"built_in_distance<724>",9336,75368.9,75340.9,ns,,,,,
"mshift<724>",7139,95284.8,95245.9,ns,,,,,
"mshift_promoted<724>",7286,94614.3,94577.4,ns,,,,,
"mcomp<724>",8843,76483.6,76454.2,ns,,,,,
"mcomp_promoted<724>",8291,82449.5,82419.6,ns,,,,,
"built_in<725>",9490,70165.4,70140.2,ns,,,,,
"built_in_distance<725>",9664,70701.9,70665.7,ns,,,,,
"mshift<725>",7379,95006.1,94969.2,ns,,,,,
"mshift_promoted<725>",7133,95665.6,95628,ns,,,,,
"mcomp<725>",8353,81991.6,81960.3,ns,,,,,
"mcomp_promoted<725>",8819,77343.9,77313.2,ns,,,,,
"built_in<726>",6761,102486,102443,ns,,,,,
"built_in_distance<726>",9717,70869.9,70841.8,ns,,,,,
"mshift<726>",7101,95571.1,95536.5,ns,,,,,
"mshift_promoted<726>",7342,95537.9,95499.3,ns,,,,,
"mcomp<726>",8892,77147.4,77108.2,ns,,,,,
"mcomp_promoted<726>",8296,81566.2,81531.6,ns,,,,,
"built_in<727>",9703,70430.4,70405.3,ns,,,,,
"built_in_distance<727>",9613,71153.4,71127.4,ns,,,,,
"mshift<727>",7287,95483.8,95447.1,ns,,,,,
"mshift_promoted<727>",7116,95021.1,94985.5,ns,,,,,
"mcomp<727>",8278,81426.5,81391.7,ns,,,,,
"mcomp_promoted<727>",8745,78496.5,78469,ns,,,,,
"built_in<728>",9184,76100.7,76070.3,ns,,,,,
"built_in_distance<728>",9031,74935.8,74898.3,ns,,,,,
"mshift<728>",7294,95247.2,95210.3,ns,,,,,
"mshift_promoted<728>",7110,95978.9,95943.3,ns,,,,,
"mcomp<728>",8812,78024.7,77993.3,ns,,,,,
"mcomp_promoted<728>",8328,82472.9,82439.1,ns,,,,,
"new_algo<728>",6172,111734,111689,ns,,,,,
"built_in<729>",8199,81309.6,81280.5,ns,,,,,
"built_in_distance<729>",8466,81975.5,81945.5,ns,,,,,
"mshift<729>",7165,95662.5,95623.2,ns,,,,,
"mshift_promoted<729>",7413,94879.4,94832.7,ns,,,,,
"mcomp<729>",8528,81620.4,81588.9,ns,,,,,
"mcomp_promoted<729>",8919,78539,78511.3,ns,,,,,
"built_in<730>",8900,75995.8,75965,ns,,,,,
"built_in_distance<730>",9229,75295.7,75265.2,ns,,,,,
"mshift<730>",7079,95802.3,95762.8,ns,,,,,
"mshift_promoted<730>",7087,95328.7,95293,ns,,,,,
"mcomp<730>",8922,78131,78102.8,ns,,,,,
"mcomp_promoted<730>",8419,81204.2,81171.7,ns,,,,,
"new_algo<730>",6248,112710,112653,ns,,,,,
"built_in<731>",9731,71624.8,71596.6,ns,,,,,
"built_in_distance<731>",9740,69928.6,69903.2,ns,,,,,
"mshift<731>",7115,94798.1,94760.9,ns,,,,,
"mshift_promoted<731>",7228,96121,96082.2,ns,,,,,
"mcomp<731>",8382,81578.4,81545.2,ns,,,,,
"mcomp_promoted<731>",8721,77806.7,77778.5,ns,,,,,
"new_algo<731>",6060,110704,110664,ns,,,,,
"built_in<732>",8913,76564.8,76533.8,ns,,,,,
"built_in_distance<732>",9214,76707.6,76668.7,ns,,,,,
"mshift<732>",7097,94826.9,94787.7,ns,,,,,
"mshift_promoted<732>",7112,95523.4,95489.6,ns,,,,,
"mcomp<732>",8713,78800,78768.9,ns,,,,,
"mcomp_promoted<732>",8475,82106.6,82073.6,ns,,,,,
"new_algo<732>",6145,111902,111858,ns,,,,,
"built_in<733>",9692,70394.2,70367.7,ns,,,,,
"built_in_distance<733>",9702,69742.5,69716.1,ns,,,,,
"mshift<733>",7089,95087,95050.2,ns,,,,,
"mshift_promoted<733>",7334,95143.6,95095.9,ns,,,,,
"mcomp<733>",8461,81718.6,81689.9,ns,,,,,
"mcomp_promoted<733>",8837,78040.6,78011.1,ns,,,,,
"built_in<734>",9179,76692,76662,ns,,,,,
"built_in_distance<734>",9206,75412.3,75382.7,ns,,,,,
"mshift<734>",7264,95283.1,95246,ns,,,,,
"mshift_promoted<734>",7158,94752.6,94719.5,ns,,,,,
"mcomp<734>",8804,77140.1,77108.7,ns,,,,,
"mcomp_promoted<734>",8331,81137.3,81105.1,ns,,,,,
"built_in<735>",10004,70279,70250.8,ns,,,,,
"built_in_distance<735>",9841,70711.7,70685.3,ns,,,,,
"mshift<735>",7269,94903.5,94868,ns,,,,,
"mshift_promoted<735>",7148,94914.6,94876.3,ns,,,,,
"mcomp<735>",8390,82357.2,82325,ns,,,,,
"mcomp_promoted<735>",9064,76582.4,76552.9,ns,,,,,
"built_in<736>",10020,67332.4,67308.7,ns,,,,,
"built_in_distance<736>",10386,68118.6,68091.8,ns,,,,,
"mshift<736>",7158,94950.9,94912.3,ns,,,,,
"mshift_promoted<736>",7110,95468.9,95426.7,ns,,,,,
"mcomp<736>",9024,78133.6,78106,ns,,,,,
"mcomp_promoted<736>",8226,81342.5,81311.3,ns,,,,,
"new_algo<736>",6298,111374,111330,ns,,,,,
"built_in<737>",7632,91420,91384.1,ns,,,,,
"built_in_distance<737>",7548,92199.6,92162.1,ns,,,,,
"mshift<737>",7211,95355.2,95321.8,ns,,,,,
"mshift_promoted<737>",7177,95597.1,95560,ns,,,,,
"mcomp<737>",8397,81827.9,81796.1,ns,,,,,
"mcomp_promoted<737>",8724,77649.1,77609.7,ns,,,,,
"built_in<738>",9159,75444.2,75416.1,ns,,,,,
"built_in_distance<738>",8863,75891.7,75862,ns,,,,,
"mshift<738>",7276,95354.1,95317.2,ns,,,,,
"mshift_promoted<738>",7299,95362.9,95326.2,ns,,,,,
"mcomp<738>",8780,77565.7,77537.2,ns,,,,,
"mcomp_promoted<738>",8236,81877.3,81846.5,ns,,,,,
"new_algo<738>",6124,110868,110826,ns,,,,,
"built_in<739>",7473,91968.6,91932.8,ns,,,,,
"built_in_distance<739>",7479,92987.4,92940.9,ns,,,,,
"mshift<739>",7420,94993.1,94958.6,ns,,,,,
"mshift_promoted<739>",7329,94510.5,94475,ns,,,,,
"mcomp<739>",8357,81503.8,81471.8,ns,,,,,
"mcomp_promoted<739>",8728,78153.5,78123.6,ns,,,,,
"built_in<740>",9643,70349.4,70323.8,ns,,,,,
"built_in_distance<740>",9660,70234.7,70209.2,ns,,,,,
"mshift<740>",7275,94873.7,94835.2,ns,,,,,
"mshift_promoted<740>",7339,95144.2,95107.3,ns,,,,,
"mcomp<740>",8451,79529.1,79489.1,ns,,,,,
"mcomp_promoted<740>",8339,82968.1,82936.4,ns,,,,,
"new_algo<740>",6256,111618,111574,ns,,,,,
"built_in<741>",7504,91035.9,90999.1,ns,,,,,
"built_in_distance<741>",7452,92809.5,92772.4,ns,,,,,
"mshift<741>",7207,96246.9,96209.2,ns,,,,,
"mshift_promoted<741>",7249,95347.8,95312.6,ns,,,,,
"mcomp<741>",8686,81007.4,80976.2,ns,,,,,
"mcomp_promoted<741>",8899,76762.5,76731.3,ns,,,,,
"new_algo<741>",6083,111240,111195,ns,,,,,
"built_in<742>",9955,70524,70498.9,ns,,,,,
"built_in_distance<742>",9636,70372.8,70344.4,ns,,,,,
"mshift<742>",7340,94458.1,94422.4,ns,,,,,
"mshift_promoted<742>",7357,95345.3,95305.8,ns,,,,,
"mcomp<742>",8689,77560.9,77533,ns,,,,,
"mcomp_promoted<742>",8391,81636.7,81607,ns,,,,,
"built_in<743>",9452,70231.7,70203.9,ns,,,,,
"built_in_distance<743>",9640,71015.6,70986.1,ns,,,,,
"mshift<743>",7178,94584.2,94543.4,ns,,,,,
"mshift_promoted<743>",7151,96662.5,96627.3,ns,,,,,
"mcomp<743>",8490,81030.9,80997.4,ns,,,,,
"mcomp_promoted<743>",8782,77038.7,77007.9,ns,,,,,
"built_in<744>",8955,75531.2,75502.2,ns,,,,,
"built_in_distance<744>",9061,75994.3,75965.8,ns,,,,,
"mshift<744>",7287,95155.9,95118.4,ns,,,,,
"mshift_promoted<744>",7140,95137.8,95101.1,ns,,,,,
"mcomp<744>",8966,76221.1,76192.2,ns,,,,,
"mcomp_promoted<744>",8438,81519.2,81489.8,ns,,,,,
"new_algo<744>",6139,110941,110901,ns,,,,,
"built_in<745>",9670,71272,71242.5,ns,,,,,
"built_in_distance<745>",9977,70172.8,70144.7,ns,,,,,
"mshift<745>",7233,94422.4,94385.7,ns,,,,,
"mshift_promoted<745>",7206,94404.9,94371.7,ns,,,,,
"mcomp<745>",8387,80769.8,80738.4,ns,,,,,
"mcomp_promoted<745>",8926,75819.9,75789.7,ns,,,,,
"built_in<746>",9778,70400.8,70373.8,ns,,,,,
"built_in_distance<746>",9900,70212.4,70186.4,ns,,,,,
"mshift<746>",7300,95360.5,95312.2,ns,,,,,
"mshift_promoted<746>",7153,96004.6,95965.5,ns,,,,,
"mcomp<746>",8859,77983.1,77951.5,ns,,,,,
"mcomp_promoted<746>",8374,80751.6,80722.6,ns,,,,,
"built_in<747>",9652,70064.3,70038.8,ns,,,,,
"built_in_distance<747>",9609,70524.5,70496.7,ns,,,,,
"mshift<747>",7263,94466.3,94429,ns,,,,,
"mshift_promoted<747>",7121,95618.7,95579.8,ns,,,,,
"mcomp<747>",8660,81329.8,81300.1,ns,,,,,
"mcomp_promoted<747>",8832,78536.5,78497.2,ns,,,,,
"built_in<748>",10030,70861.5,70832.8,ns,,,,,
"built_in_distance<748>",9743,69853.9,69827.5,ns,,,,,
"mshift<748>",7133,94653.1,94617.9,ns,,,,,
"mshift_promoted<748>",7264,94912,94874.3,ns,,,,,
"mcomp<748>",8987,76043.3,76014.2,ns,,,,,
"mcomp_promoted<748>",8476,82159.9,82127.3,ns,,,,,
"new_algo<748>",6093,110788,110745,ns,,,,,
"built_in<749>",9846,70129.7,70103.1,ns,,,,,
"built_in_distance<749>",9686,70830.4,70794.8,ns,,,,,
"mshift<749>",7367,95688,95649.1,ns,,,,,
"mshift_promoted<749>",7138,94181.4,94143.8,ns,,,,,
"mcomp<749>",8441,80441.8,80413.1,ns,,,,,
"mcomp_promoted<749>",8930,77240.4,77207.3,ns,,,,,
"built_in<750>",9589,71036,71008,ns,,,,,
"built_in_distance<750>",9668,71388.7,71360.5,ns,,,,,
"mshift<750>",7300,94976.6,94942.8,ns,,,,,
"mshift_promoted<750>",7232,94678.3,94644.5,ns,,,,,
"mcomp<750>",985,684298,683949,ns,,,,,
"mcomp_promoted<750>",8260,81815.2,81783,ns,,,,,
"built_in<751>",9795,71114.7,71089.4,ns,,,,,
"built_in_distance<751>",9810,70476.7,70451.7,ns,,,,,
"mshift<751>",7176,94365.4,94329.3,ns,,,,,
"mshift_promoted<751>",7456,95824.7,95786.8,ns,,,,,
"mcomp<751>",8542,81189.9,81156.9,ns,,,,,
"mcomp_promoted<751>",8899,77502.2,77475.1,ns,,,,,
"built_in<752>",9063,76134.9,76105.3,ns,,,,,
"built_in_distance<752>",8929,76117.7,76080.1,ns,,,,,
"mshift<752>",7150,95581.9,95544.7,ns,,,,,
"mshift_promoted<752>",7119,95259,95224.4,ns,,,,,
"mcomp<752>",8989,76973.6,76946.3,ns,,,,,
"mcomp_promoted<752>",8202,81562.9,81530.6,ns,,,,,
"new_algo<752>",6231,112425,112380,ns,,,,,
"built_in<753>",7469,92610.7,92574.1,ns,,,,,
"built_in_distance<753>",7675,93259.5,93224.4,ns,,,,,
"mshift<753>",7178,95491.3,95454.4,ns,,,,,
"mshift_promoted<753>",7344,96134.3,96086.9,ns,,,,,
"mcomp<753>",8182,82732.7,82701,ns,,,,,
"mcomp_promoted<753>",8921,79258.5,79226.9,ns,,,,,
"new_algo<753>",6147,111327,111286,ns,,,,,
"built_in<754>",9731,70241.7,70214.3,ns,,,,,
"built_in_distance<754>",9840,70549.1,70519.3,ns,,,,,
"mshift<754>",7173,95142.1,95105.7,ns,,,,,
"mshift_promoted<754>",7329,95014.4,94980.3,ns,,,,,
"mcomp<754>",8679,77725.5,77693.8,ns,,,,,
"mcomp_promoted<754>",8229,82128.5,82086.5,ns,,,,,
"built_in<755>",9737,71042.3,71015.1,ns,,,,,
"built_in_distance<755>",9600,71378.5,71352.7,ns,,,,,
"mshift<755>",7385,96317.7,96282.9,ns,,,,,
"mshift_promoted<755>",7276,94354.1,94316.1,ns,,,,,
"mcomp<755>",8645,81353.3,81320.6,ns,,,,,
"mcomp_promoted<755>",8718,77156,77125,ns,,,,,
"new_algo<755>",6259,111929,111889,ns,,,,,
"built_in<756>",9937,70332.2,70305.4,ns,,,,,
"built_in_distance<756>",9597,69783.9,69755.1,ns,,,,,
"mshift<756>",7241,94678.4,94642.4,ns,,,,,
"mshift_promoted<756>",7278,94890.8,94857.7,ns,,,,,
"mcomp<756>",8989,77447.3,77419.1,ns,,,,,
"mcomp_promoted<756>",8424,81251,81220.4,ns,,,,,
"new_algo<756>",6214,111128,111083,ns,,,,,
"built_in<757>",9826,70528.1,70500.8,ns,,,,,
"built_in_distance<757>",9637,70777.4,70752.1,ns,,,,,
"mshift<757>",7147,95437.7,95399.9,ns,,,,,
"mshift_promoted<757>",7099,94083.8,94037.6,ns,,,,,
"mcomp<757>",8300,81305.5,81272.4,ns,,,,,
"mcomp_promoted<757>",9048,77129.9,77102.3,ns,,,,,
"built_in<758>",8995,75194.3,75164.4,ns,,,,,
"built_in_distance<758>",9315,75242.6,75214.4,ns,,,,,
"mshift<758>",7138,94521.9,94485.6,ns,,,,,
"mshift_promoted<758>",7321,94625.3,94591.1,ns,,,,,
"mcomp<758>",8750,77323.6,77295.8,ns,,,,,
"mcomp_promoted<758>",8198,81467.8,81436.1,ns,,,,,
"built_in<759>",9704,70683.7,70655.7,ns,,,,,
"built_in_distance<759>",9827,70550.3,70524.9,ns,,,,,
"mshift<759>",7475,94553.7,94519.7,ns,,,,,
"mshift_promoted<759>",7175,95654.4,95615.6,ns,,,,,
"mcomp<759>",8656,80647.7,80617.7,ns,,,,,
"mcomp_promoted<759>",8728,77110.9,77081.6,ns,,,,,
"built_in<760>",9052,75698.5,75672.4,ns,,,,,
"built_in_distance<760>",9049,76377,76346.8,ns,,,,,
"mshift<760>",7116,94734.6,94697.4,ns,,,,,
"mshift_promoted<760>",7198,94297.2,94250.7,ns,,,,,
"mcomp<760>",9328,75482.1,75455.4,ns,,,,,
"mcomp_promoted<760>",8316,81194.1,81165.5,ns,,,,,
"new_algo<760>",6184,110693,110647,ns,,,,,
"built_in<761>",7472,92472.5,92435.7,ns,,,,,
"built_in_distance<761>",7318,92463.7,92427.1,ns,,,,,
"mshift<761>",7403,95694.1,95659.5,ns,,,,,
"mshift_promoted<761>",7137,95529.2,95491.2,ns,,,,,
"mcomp<761>",8672,81939,81907,ns,,,,,
"mcomp_promoted<761>",9058,77128.5,77090.4,ns,,,,,
"built_in<762>",9264,75184.6,75155.4,ns,,,,,
"built_in_distance<762>",9188,75478.8,75451.8,ns,,,,,
"mshift<762>",7103,95066.9,95030.3,ns,,,,,
"mshift_promoted<762>",7127,94490.4,94452.4,ns,,,,,
"mcomp<762>",8696,76330.6,76298.6,ns,,,,,
"mcomp_promoted<762>",8551,81755.7,81724.1,ns,,,,,
"new_algo<762>",6190,111777,111733,ns,,,,,
"built_in<763>",7367,91784.9,91747.9,ns,,,,,
"built_in_distance<763>",7575,92007.5,91971.7,ns,,,,,
"mshift<763>",7193,94475.9,94441.3,ns,,,,,
"mshift_promoted<763>",7236,95184,95148.8,ns,,,,,
"mcomp<763>",8322,81901.6,81869.1,ns,,,,,
"mcomp_promoted<763>",8854,77521.2,77490.2,ns,,,,,
"new_algo<763>",6326,111064,111021,ns,,,,,
"built_in<764>",9440,70038,70011.9,ns,,,,,
"built_in_distance<764>",9711,70890,70861.7,ns,,,,,
"mshift<764>",7274,95826.1,95788.4,ns,,,,,
"mshift_promoted<764>",7154,95167.3,95128.9,ns,,,,,
"mcomp<764>",8826,76332.9,76306.1,ns,,,,,
"mcomp_promoted<764>",8197,82022.8,81991.2,ns,,,,,
"built_in<765>",6696,101783,101743,ns,,,,,
"built_in_distance<765>",6823,103308,103266,ns,,,,,
"mshift<765>",7392,95192,95154.5,ns,,,,,
"mshift_promoted<765>",7388,95070.8,95035.6,ns,,,,,
"mcomp<765>",8707,80808.8,80774.8,ns,,,,,
"mcomp_promoted<765>",8873,77272.8,77242.7,ns,,,,,
"new_algo<765>",6101,111660,111615,ns,,,,,
"built_in<766>",9613,71013.9,70988,ns,,,,,
"built_in_distance<766>",9481,69852.9,69828,ns,,,,,
"mshift<766>",7272,94692.8,94653.8,ns,,,,,
"mshift_promoted<766>",7142,95070.2,95032.1,ns,,,,,
"mcomp<766>",8858,77721.8,77691.7,ns,,,,,
"mcomp_promoted<766>",8347,81195.1,81166.5,ns,,,,,
"built_in<767>",8680,80415.7,80384.7,ns,,,,,
"built_in_distance<767>",8394,80868.7,80836.1,ns,,,,,
"mshift<767>",7068,95138.7,95090.9,ns,,,,,
"mshift_promoted<767>",7183,94222.9,94188.9,ns,,,,,
"mcomp<767>",8421,80940.3,80908.5,ns,,,,,
"mcomp_promoted<767>",8720,79100.7,79068.8,ns,,,,,
"built_in<768>",9406,74939.2,74908.6,ns,,,,,
"built_in_distance<768>",8928,74772.8,74744.6,ns,,,,,
"mshift<768>",7124,94591.4,94557.2,ns,,,,,
"mshift_promoted<768>",7128,95480.8,95442.9,ns,,,,,
"mcomp<768>",8634,77362.4,77332.1,ns,,,,,
"mcomp_promoted<768>",8465,81503.3,81460.7,ns,,,,,
"new_algo<768>",6151,110280,110238,ns,,,,,
"built_in<769>",8512,79633.1,79601.3,ns,,,,,
"built_in_distance<769>",8483,80099.4,80068.2,ns,,,,,
"mshift<769>",7208,94984.3,94947.1,ns,,,,,
"mshift_promoted<769>",5389,131016,130967,ns,,,,,
"mcomp<769>",8486,81514.2,81483.2,ns,,,,,
"mcomp_promoted<769>",8981,77485.1,77454.7,ns,,,,,
"built_in<770>",9604,71023.4,70995.4,ns,,,,,
"built_in_distance<770>",9819,70410.6,70374.5,ns,,,,,
"mshift<770>",7140,94515.4,94481.1,ns,,,,,
"mshift_promoted<770>",7176,94992.2,94952.8,ns,,,,,
"mcomp<770>",8708,79789.5,79756.7,ns,,,,,
"mcomp_promoted<770>",8549,81828.9,81796.8,ns,,,,,
"new_algo<770>",6105,111172,111133,ns,,,,,
"built_in<771>",8568,81561,81531.8,ns,,,,,
"built_in_distance<771>",8365,80833.1,80800.7,ns,,,,,
"mshift<771>",7118,95342.5,95304.1,ns,,,,,
"mshift_promoted<771>",7259,94055.7,94009.2,ns,,,,,
"mcomp<771>",8610,81893.6,81864.2,ns,,,,,
"mcomp_promoted<771>",8754,76173.8,76143.2,ns,,,,,
"new_algo<771>",6380,105535,105492,ns,,,,,
"built_in<772>",9746,70536,70509,ns,,,,,
"built_in_distance<772>",9661,70752.3,70726.5,ns,,,,,
"mshift<772>",7318,94706.2,94668.8,ns,,,,,
"mshift_promoted<772>",7162,94884.4,94848.4,ns,,,,,
"mcomp<772>",8945,77219.9,77188.6,ns,,,,,
"mcomp_promoted<772>",8373,80892,80863.3,ns,,,,,
"built_in<773>",9983,70642.4,70615.9,ns,,,,,
"built_in_distance<773>",9754,70204.6,70177.3,ns,,,,,
"mshift<773>",7117,93857.2,93821.4,ns,,,,,
"mshift_promoted<773>",7111,96180.5,96140.9,ns,,,,,
"mcomp<773>",8369,81360.3,81331.5,ns,,,,,
"mcomp_promoted<773>",8944,76710.5,76683.2,ns,,,,,
"built_in<774>",9643,70324.8,70297.7,ns,,,,,
"built_in_distance<774>",9674,71268.9,71240.8,ns,,,,,
"mshift<774>",7165,95861.3,95826.5,ns,,,,,
"mshift_promoted<774>",7182,96781.1,96731.9,ns,,,,,
"mcomp<774>",9121,77074.9,77045.4,ns,,,,,
"mcomp_promoted<774>",8457,80793.1,80762.6,ns,,,,,
"new_algo<774>",6190,111852,111811,ns,,,,,
"built_in<775>",10000,70521.6,70496.2,ns,,,,,
"built_in_distance<775>",9593,70474.4,70446,ns,,,,,
"mshift<775>",7138,95642.3,95605,ns,,,,,
"mshift_promoted<775>",7414,94925.5,94889.1,ns,,,,,
"mcomp<775>",8526,81907.4,81877.3,ns,,,,,
"mcomp_promoted<775>",8970,76622.5,76583,ns,,,,,
"new_algo<775>",6130,111379,111334,ns,,,,,
"built_in<776>",9023,75675.5,75646.4,ns,,,,,
"built_in_distance<776>",8868,75858.7,75830.7,ns,,,,,
"mshift<776>",7277,95719,95684.7,ns,,,,,
"mshift_promoted<776>",7145,95320.9,95283.7,ns,,,,,
"mcomp<776>",8884,76467,76437.2,ns,,,,,
"mcomp_promoted<776>",8570,81017.7,80987,ns,,,,,
"new_algo<776>",6294,110830,110790,ns,,,,,
"built_in<777>",7436,92016.1,91970.6,ns,,,,,
"built_in_distance<777>",7388,92561.2,92524.7,ns,,,,,
"mshift<777>",7315,94369.8,94332.4,ns,,,,,
"mshift_promoted<777>",7099,94540,94506.1,ns,,,,,
"mcomp<777>",8383,81619.2,81589.7,ns,,,,,
"mcomp_promoted<777>",8630,77348.1,77318.2,ns,,,,,
"new_algo<777>",6111,111729,111685,ns,,,,,
"built_in<778>",8999,76370.8,76340,ns,,,,,
"built_in_distance<778>",9158,75730.7,75703.4,ns,,,,,
"mshift<778>",7203,94487.4,94449.6,ns,,,,,
"mshift_promoted<778>",7149,95851.8,95814.6,ns,,,,,
"mcomp<778>",8779,76706.2,76675.9,ns,,,,,
"mcomp_promoted<778>",8260,80637.1,80606.4,ns,,,,,
"built_in<779>",9659,71018.6,70990.2,ns,,,,,
"built_in_distance<779>",9451,70648.8,70620.1,ns,,,,,
"mshift<779>",7195,94970.1,94931.8,ns,,,,,
"mshift_promoted<779>",7148,95187.4,95152.8,ns,,,,,
"mcomp<779>",8523,81884.1,81852.2,ns,,,,,
"mcomp_promoted<779>",8939,77897.4,77858.6,ns,,,,,
"built_in<780>",9771,70638.1,70610.8,ns,,,,,
"built_in_distance<780>",9982,69863,69835.6,ns,,,,,
"mshift<780>",7188,94778.4,94745,ns,,,,,
"mshift_promoted<780>",7109,96275.9,96234.2,ns,,,,,
"mcomp<780>",8639,79726.8,79694.4,ns,,,,,
"mcomp_promoted<780>",8513,81667,81634.9,ns,,,,,
"new_algo<780>",6347,110099,110059,ns,,,,,
"built_in<781>",7376,92231.1,92197.4,ns,,,,,
"built_in_distance<781>",7356,92423.4,92389.8,ns,,,,,
"mshift<781>",7139,96024.8,95987,ns,,,,,
"mshift_promoted<781>",7173,95124.6,95086.8,ns,,,,,
"mcomp<781>",8307,82355.7,82325.7,ns,,,,,
"mcomp_promoted<781>",9008,78786.9,78756.2,ns,,,,,
"built_in<782>",8746,76482.9,76452.5,ns,,,,,
"built_in_distance<782>",8737,76145.5,76115.2,ns,,,,,
"mshift<782>",7157,95597.2,95563.6,ns,,,,,
"mshift_promoted<782>",7195,95773.3,95736.3,ns,,,,,
"mcomp<782>",8882,78528.8,78497.5,ns,,,,,
"mcomp_promoted<782>",8165,82697.2,82655.3,ns,,,,,
"built_in<783>",7617,92186.7,92152.8,ns,,,,,
"built_in_distance<783>",7423,91613.4,91581.2,ns,,,,,
"mshift<783>",7307,95968.8,95931,ns,,,,,
"mshift_promoted<783>",7355,94773,94736.6,ns,,,,,
"mcomp<783>",8513,81114.1,81081.9,ns,,,,,
"mcomp_promoted<783>",8675,78255.2,78226.4,ns,,,,,
"built_in<784>",9267,75197.3,75168.4,ns,,,,,
"built_in_distance<784>",8871,75758.8,75728.8,ns,,,,,
"mshift<784>",7443,95816.9,95769.4,ns,,,,,
"mshift_promoted<784>",7128,95105.4,95071.8,ns,,,,,
"mcomp<784>",8865,76617.3,76589.1,ns,,,,,
"mcomp_promoted<784>",8330,80930.5,80899.2,ns,,,,,
"new_algo<784>",6018,115854,115809,ns,,,,,
"built_in<785>",9647,70761.6,70734.6,ns,,,,,
"built_in_distance<785>",9704,70451.8,70426.2,ns,,,,,
"mshift<785>",7143,95048.2,95009.6,ns,,,,,
"mshift_promoted<785>",7179,94919.5,94882.2,ns,,,,,
"mcomp<785>",8323,82694.7,82662.1,ns,,,,,
"mcomp_promoted<785>",8604,77447.5,77419.7,ns,,,,,
"new_algo<785>",6100,109942,109903,ns,,,,,
"built_in<786>",9797,70555.3,70526.8,ns,,,,,
"built_in_distance<786>",9897,70477.5,70451.1,ns,,,,,
"mshift<786>",7117,96067.3,96032.7,ns,,,,,
"mshift_promoted<786>",7224,95353.4,95320,ns,,,,,
"mcomp<786>",8919,77152.2,77122.3,ns,,,,,
"mcomp_promoted<786>",8456,81443,81409.9,ns,,,,,
"built_in<787>",7306,91931.9,91896.1,ns,,,,,
"built_in_distance<787>",7331,92374.1,92341.4,ns,,,,,
"mshift<787>",7105,96288.9,96250.4,ns,,,,,
"mshift_promoted<787>",7320,94947.4,94910.8,ns,,,,,
"mcomp<787>",8370,82485.9,82451.9,ns,,,,,
"mcomp_promoted<787>",8802,76364.6,76336.3,ns,,,,,
"built_in<788>",9985,70645.4,70619.9,ns,,,,,
"built_in_distance<788>",9590,70752.1,70723.7,ns,,,,,
"mshift<788>",7214,95490,95452.5,ns,,,,,
"mshift_promoted<788>",7114,94945,94904.7,ns,,,,,
"mcomp<788>",8511,79672.1,79644.2,ns,,,,,
"mcomp_promoted<788>",8473,81854.4,81820.6,ns,,,,,
"built_in<789>",7359,92964.1,92926.8,ns,,,,,
"built_in_distance<789>",7359,92364.6,92327.6,ns,,,,,
"mshift<789>",7168,95711.2,95675.6,ns,,,,,
"mshift_promoted<789>",7181,96052.3,96017.1,ns,,,,,
"mcomp<789>",8400,80738.5,80706.7,ns,,,,,
"mcomp_promoted<789>",8849,77804.7,77772.4,ns,,,,,
"built_in<790>",9331,75270,75242.8,ns,,,,,
"built_in_distance<790>",9110,75916.5,75888.9,ns,,,,,
"mshift<790>",7345,95786.6,95747.1,ns,,,,,
"mshift_promoted<790>",7259,94233.8,94197.1,ns,,,,,
"mcomp<790>",8860,77153.2,77122.1,ns,,,,,
"mcomp_promoted<790>",8493,81471.1,81441.9,ns,,,,,
"built_in<791>",9868,70299.5,70271.5,ns,,,,,
"built_in_distance<791>",9623,70586.3,70557.8,ns,,,,,
"mshift<791>",7108,94819.6,94782.8,ns,,,,,
"mshift_promoted<791>",7186,95011.1,94976.2,ns,,,,,
"mcomp<791>",8225,81196.5,81166.8,ns,,,,,
"mcomp_promoted<791>",8940,76887.9,76856.6,ns,,,,,
"built_in<792>",9265,76038.4,76008.1,ns,,,,,
"built_in_distance<792>",9090,76336.9,76306.9,ns,,,,,
"mshift<792>",7282,94737.2,94702.4,ns,,,,,
"mshift_promoted<792>",7073,94989.2,94952,ns,,,,,
"mcomp<792>",8565,78636.5,78605.3,ns,,,,,
"mcomp_promoted<792>",8582,83747.8,83712.6,ns,,,,,
"new_algo<792>",6307,111100,111060,ns,,,,,
"built_in<793>",7430,91608.7,91575.8,ns,,,,,
"built_in_distance<793>",7293,91929.1,91893.3,ns,,,,,
"mshift<793>",7157,95881.8,95843.5,ns,,,,,
"mshift_promoted<793>",7237,95091.6,95052.6,ns,,,,,
"mcomp<793>",8370,82157.5,82127,ns,,,,,
"mcomp_promoted<793>",8669,76244.3,76214.3,ns,,,,,
"new_algo<793>",6222,111500,111456,ns,,,,,
"built_in<794>",9608,70656.9,70627.6,ns,,,,,
"built_in_distance<794>",9726,70814.9,70787.5,ns,,,,,
"mshift<794>",7188,94628.3,94579.2,ns,,,,,
"mshift_promoted<794>",7106,94619.4,94583.7,ns,,,,,
"mcomp<794>",8892,76913.8,76883.5,ns,,,,,
"mcomp_promoted<794>",8589,81003.3,80974.8,ns,,,,,
"new_algo<794>",6253,111316,111274,ns,,,,,
"built_in<795>",9443,69925.2,69898.4,ns,,,,,
"built_in_distance<795>",9415,69872.9,69846.1,ns,,,,,
"mshift<795>",7312,95217.8,95181.1,ns,,,,,
"mshift_promoted<795>",7110,94305.4,94271.8,ns,,,,,
"mcomp<795>",8325,81507.1,81464.8,ns,,,,,
"mcomp_promoted<795>",8750,77696.2,77665.8,ns,,,,,
"new_algo<795>",6166,112124,112080,ns,,,,,
"built_in<796>",9123,75248,75221.6,ns,,,,,
"built_in_distance<796>",8850,75522.5,75492.4,ns,,,,,
"mshift<796>",7133,94717.4,94680.5,ns,,,,,
"mshift_promoted<796>",7093,95339.1,95301.8,ns,,,,,
"mcomp<796>",8839,77054.6,77027.4,ns,,,,,
"mcomp_promoted<796>",8256,81019.9,80991.2,ns,,,,,
"built_in<797>",7480,91589.3,91544,ns,,,,,
"built_in_distance<797>",7421,91320.2,91284.9,ns,,,,,
"mshift<797>",7332,94548.4,94509.3,ns,,,,,
"mshift_promoted<797>",7121,95164.7,95130.6,ns,,,,,
"mcomp<797>",8372,81855.6,81823.9,ns,,,,,
"mcomp_promoted<797>",8835,77547.8,77518.4,ns,,,,,
"built_in<798>",8954,75700.6,75670.7,ns,,,,,
"built_in_distance<798>",8957,75998.3,75970,ns,,,,,
"mshift<798>",7071,95267.4,95230,ns,,,,,
"mshift_promoted<798>",7290,94541.1,94494.4,ns,,,,,
"mcomp<798>",8652,78160.2,78130.2,ns,,,,,
"mcomp_promoted<798>",8452,81293.6,81262.9,ns,,,,,
"new_algo<798>",6273,112210,112168,ns,,,,,
"built_in<799>",9461,71316.7,71288.2,ns,,,,,
"built_in_distance<799>",9602,70160.5,70133.1,ns,,,,,
"mshift<799>",7116,95198.4,95161,ns,,,,,
"mshift_promoted<799>",7234,94801.5,94766.4,ns,,,,,
"mcomp<799>",8366,81666.2,81632.7,ns,,,,,
"mcomp_promoted<799>",8751,78548.9,78508.8,ns,,,,,
"built_in<800>",8363,81122.1,81090,ns,,,,,
"built_in_distance<800>",8516,80663.3,80633.1,ns,,,,,
"mshift<800>",7256,94462.7,94426.2,ns,,,,,
"mshift_promoted<800>",7270,94585.4,94547.2,ns,,,,,
"mcomp<800>",8935,76948.2,76918.4,ns,,,,,
"mcomp_promoted<800>",8300,82099.1,82069.3,ns,,,,,
"new_algo<800>",6258,111682,111641,ns,,,,,
"built_in<801>",7428,92007.7,91971.2,ns,,,,,
"built_in_distance<801>",7596,92306.9,92257.6,ns,,,,,
"mshift<801>",7386,94581.4,94544.1,ns,,,,,
"mshift_promoted<801>",7137,95654.9,95620.2,ns,,,,,
"mcomp<801>",8442,81739,81709.2,ns,,,,,
"mcomp_promoted<801>",8694,77745.2,77715.1,ns,,,,,
"built_in<802>",9099,76169.5,76137.8,ns,,,,,
"built_in_distance<802>",9108,75907.1,75878.9,ns,,,,,
"mshift<802>",7203,95944.6,95909.7,ns,,,,,
"mshift_promoted<802>",7414,94906.8,94870.1,ns,,,,,
"mcomp<802>",8900,77529.7,77491,ns,,,,,
"mcomp_promoted<802>",8356,82322.1,82288.7,ns,,,,,
"built_in<803>",9681,70324.9,70300.1,ns,,,,,
"built_in_distance<803>",9595,70529.1,70500.6,ns,,,,,
"mshift<803>",7292,95308.6,95271.3,ns,,,,,
"mshift_promoted<803>",7085,95611.4,95573.2,ns,,,,,
"mcomp<803>",8685,81714.5,81685.1,ns,,,,,
"mcomp_promoted<803>",8788,76610.8,76583.4,ns,,,,,
"built_in<804>",9051,75127.9,75099.1,ns,,,,,
"built_in_distance<804>",8967,75191.6,75161.1,ns,,,,,
"mshift<804>",7095,95432.5,95397,ns,,,,,
"mshift_promoted<804>",7158,94438.4,94404.7,ns,,,,,
"mcomp<804>",8881,76634,76602.7,ns,,,,,
"mcomp_promoted<804>",8390,81280.4,81248.7,ns,,,,,
"built_in<805>",9723,70960.7,70931.5,ns,,,,,
"built_in_distance<805>",9650,70408.7,70383.9,ns,,,,,
"mshift<805>",7075,95267.4,95229.2,ns,,,,,
"mshift_promoted<805>",7281,95437.2,95398.9,ns,,,,,
"mcomp<805>",8373,81207.7,81167.4,ns,,,,,
"mcomp_promoted<805>",8703,76617,76589.9,ns,,,,,
"built_in<806>",8912,75591.4,75560.6,ns,,,,,
"built_in_distance<806>",8993,75025.6,74995.8,ns,,,,,
"mshift<806>",7240,95530.1,95491.2,ns,,,,,
"mshift_promoted<806>",7121,94877,94837.4,ns,,,,,
"mcomp<806>",8866,76467.3,76440.3,ns,,,,,
"mcomp_promoted<806>",8442,81521.1,81489,ns,,,,,
"new_algo<806>",6250,111034,110991,ns,,,,,
"built_in<807>",9630,71576.5,71546.3,ns,,,,,
"built_in_distance<807>",9897,70172.3,70147.3,ns,,,,,
"mshift<807>",7397,95010.7,94974.3,ns,,,,,
"mshift_promoted<807>",7137,96077.3,96039.7,ns,,,,,
"mcomp<807>",8310,80845.5,80814.3,ns,,,,,
"mcomp_promoted<807>",8484,79050.2,79020.9,ns,,,,,
"built_in<808>",9052,76063.4,76032.5,ns,,,,,
"built_in_distance<808>",8995,75136.8,75107.9,ns,,,,,
"mshift<808>",7383,94550.7,94514.8,ns,,,,,
"mshift_promoted<808>",7111,94823.8,94789.5,ns,,,,,
"mcomp<808>",8762,77897.6,77868.4,ns,,,,,
"mcomp_promoted<808>",8378,81378.5,81347.1,ns,,,,,
"built_in<809>",9689,69613.3,69586.3,ns,,,,,
"built_in_distance<809>",9699,70787.9,70760.7,ns,,,,,
"mshift<809>",7168,95483.9,95449.4,ns,,,,,
"mshift_promoted<809>",7384,95040.3,95003.2,ns,,,,,
"mcomp<809>",8286,82943.5,82911.1,ns,,,,,
"mcomp_promoted<809>",9048,76975.6,76945.7,ns,,,,,
"built_in<810>",9589,70361.3,70336.2,ns,,,,,
"built_in_distance<810>",9678,71052.2,71015.6,ns,,,,,
"mshift<810>",7333,94184.6,94148,ns,,,,,
"mshift_promoted<810>",7281,95022,94982.7,ns,,,,,
"mcomp<810>",8752,78100.8,78073.5,ns,,,,,
"mcomp_promoted<810>",8268,82847.4,82816.8,ns,,,,,
"built_in<811>",9894,70596.4,70568.8,ns,,,,,
"built_in_distance<811>",9625,70398.6,70371.4,ns,,,,,
"mshift<811>",7336,95487.5,95448.9,ns,,,,,
"mshift_promoted<811>",7221,94591.1,94557.6,ns,,,,,
"mcomp<811>",8564,82115.7,82074.6,ns,,,,,
"mcomp_promoted<811>",9003,76586,76556.3,ns,,,,,
"built_in<812>",9642,70663.7,70636.1,ns,,,,,
"built_in_distance<812>",9624,70633.2,70607,ns,,,,,
"mshift<812>",7098,94867.3,94830.4,ns,,,,,
"mshift_promoted<812>",7156,94811.7,94775.4,ns,,,,,
"mcomp<812>",8765,77229.8,77199.9,ns,,,,,
"mcomp_promoted<812>",8636,82708.7,82678.4,ns,,,,,
"built_in<813>",9871,69874.3,69848.5,ns,,,,,
"built_in_distance<813>",9852,70956.9,70928.5,ns,,,,,
"mshift<813>",7285,94382.1,94344.8,ns,,,,,
"mshift_promoted<813>",7156,94784.6,94747.7,ns,,,,,
"mcomp<813>",8250,81147.6,81119.1,ns,,,,,
"mcomp_promoted<813>",8828,76664.8,76634.2,ns,,,,,
"built_in<814>",9727,71445.6,71416.6,ns,,,,,
"built_in_distance<814>",9684,70605.7,70578.1,ns,,,,,
"mshift<814>",7237,95210.3,95176.5,ns,,,,,
"mshift_promoted<814>",7296,94862.4,94826.1,ns,,,,,
"mcomp<814>",8955,77309.3,77269.2,ns,,,,,
"mcomp_promoted<814>",8654,81170.9,81139.7,ns,,,,,
"built_in<815>",7352,91131.1,91098.6,ns,,,,,
"built_in_distance<815>",7528,91567.8,91535.4,ns,,,,,
"mshift<815>",7159,95300.3,95262.1,ns,,,,,
"mshift_promoted<815>",7128,94888.8,94850.1,ns,,,,,
"mcomp<815>",8350,81582.9,81549.3,ns,,,,,
"mcomp_promoted<815>",8691,78232.8,78203.3,ns,,,,,
"built_in<816>",9489,70462.6,70434.4,ns,,,,,
"built_in_distance<816>",9632,70829.1,70792.5,ns,,,,,
"mshift<816>",7311,94221.6,94184.7,ns,,,,,
"mshift_promoted<816>",7165,95320.4,95286.7,ns,,,,,
"mcomp<816>",8867,76752.8,76722.1,ns,,,,,
"mcomp_promoted<816>",8284,81135.3,81104.1,ns,,,,,
"new_algo<816>",6265,110844,110801,ns,,,,,
"built_in<817>",9587,70550.6,70525.2,ns,,,,,
"built_in_distance<817>",9723,70311.5,70285.5,ns,,,,,
"mshift<817>",7423,94895.2,94858.2,ns,,,,,
"mshift_promoted<817>",7174,95167.5,95118,ns,,,,,
"mcomp<817>",8454,81708.2,81676.9,ns,,,,,
"mcomp_promoted<817>",8760,77677,77649.5,ns,,,,,
"built_in<818>",9213,74738.1,74708.4,ns,,,,,
"built_in_distance<818>",9086,75544.7,75514.6,ns,,,,,
"mshift<818>",7120,95496.9,95459.2,ns,,,,,
"mshift_promoted<818>",7243,94870.5,94836.5,ns,,,,,
"mcomp<818>",9153,76692.4,76664.7,ns,,,,,
"mcomp_promoted<818>",8542,81364.7,81331.9,ns,,,,,
"built_in<819>",7315,91796.7,91750.4,ns,,,,,
"built_in_distance<819>",7581,91969.2,91933.3,ns,,,,,
"mshift<819>",7097,94802.8,94769.5,ns,,,,,
"mshift_promoted<819>",7390,94722.1,94685,ns,,,,,
"mcomp<819>",8734,81783.8,81750.6,ns,,,,,
"mcomp_promoted<819>",9127,78303.3,78272.9,ns,,,,,
"new_algo<819>",6307,111611,111568,ns,,,,,
"built_in<820>",9892,70414.8,70389.3,ns,,,,,
"built_in_distance<820>",9861,70737.7,70709.6,ns,,,,,
"mshift<820>",7222,95078.2,95029.6,ns,,,,,
"mshift_promoted<820>",7085,95279.8,95242.6,ns,,,,,
"mcomp<820>",8519,76506.2,76479.7,ns,,,,,
"mcomp_promoted<820>",8426,81200.5,81168.6,ns,,,,,
"new_algo<820>",6258,111083,111039,ns,,,,,
"built_in<821>",9702,70279.1,70250.1,ns,,,,,
"built_in_distance<821>",9838,69834,69808.8,ns,,,,,
"mshift<821>",7183,94725.6,94692.1,ns,,,,,
"mshift_promoted<821>",7246,96038.5,95999.6,ns,,,,,
"mcomp<821>",8467,81135.6,81095.4,ns,,,,,
"mcomp_promoted<821>",8924,77321.6,77289.3,ns,,,,,
"built_in<822>",9015,75140.1,75113.8,ns,,,,,
"built_in_distance<822>",9112,74727.2,74698.6,ns,,,,,
"mshift<822>",7163,95796.2,95759.3,ns,,,,,
"mshift_promoted<822>",7110,94615.9,94580.2,ns,,,,,
"mcomp<822>",8798,77005,76976.6,ns,,,,,
"mcomp_promoted<822>",8565,80832.4,80800.7,ns,,,,,
"built_in<823>",9747,70345,70317.4,ns,,,,,
"built_in_distance<823>",10087,70337.3,70302.5,ns,,,,,
"mshift<823>",7492,95684.2,95649.5,ns,,,,,
"mshift_promoted<823>",7468,95442.3,95405.7,ns,,,,,
"mcomp<823>",8648,80793.9,80762.6,ns,,,,,
"mcomp_promoted<823>",8699,76250.4,76220.8,ns,,,,,
"built_in<824>",9004,75950.7,75921.5,ns,,,,,
"built_in_distance<824>",8896,75031.3,75005,ns,,,,,
"mshift<824>",7305,94747,94709.4,ns,,,,,
"mshift_promoted<824>",7158,95353,95315.1,ns,,,,,
"mcomp<824>",9031,76152.4,76113.8,ns,,,,,
"mcomp_promoted<824>",8359,81051.3,81022.6,ns,,,,,
"new_algo<824>",6102,112138,112098,ns,,,,,
"built_in<825>",9854,69841.8,69814.5,ns,,,,,
"built_in_distance<825>",10083,70404.7,70376.4,ns,,,,,
"mshift<825>",7492,95094.3,95057.8,ns,,,,,
"mshift_promoted<825>",7372,95107.1,95073.8,ns,,,,,
"mcomp<825>",8541,80619.1,80589.2,ns,,,,,
"mcomp_promoted<825>",8612,77811.9,77781.7,ns,,,,,
"new_algo<825>",6207,111440,111383,ns,,,,,
"built_in<826>",9814,70459.7,70434.5,ns,,,,,
"built_in_distance<826>",9983,70351.3,70322.4,ns,,,,,
"mshift<826>",7152,94179.3,94144,ns,,,,,
"mshift_promoted<826>",7092,94532.8,94496.3,ns,,,,,
"mcomp<826>",8725,76483.2,76455.3,ns,,,,,
"mcomp_promoted<826>",8338,81047.3,81018.7,ns,,,,,
"built_in<827>",9842,69940.5,69914.2,ns,,,,,
"built_in_distance<827>",9545,70716.1,70689,ns,,,,,
"mshift<827>",7126,94629.5,94594.2,ns,,,,,
"mshift_promoted<827>",7457,94280.5,94245.7,ns,,,,,
"mcomp<827>",8415,81364.2,81331,ns,,,,,
"mcomp_promoted<827>",8843,77356.9,77325.8,ns,,,,,
"built_in<828>",9133,75470,75440.4,ns,,,,,
"built_in_distance<828>",8998,76120.2,76092.9,ns,,,,,
"mshift<828>",7091,95365.3,95326.8,ns,,,,,
"mshift_promoted<828>",7309,95690.1,95652.8,ns,,,,,
"mcomp<828>",8926,76971.7,76941.9,ns,,,,,
"mcomp_promoted<828>",8726,81191.9,81162.4,ns,,,,,
"built_in<829>",9999,69807.4,69782.3,ns,,,,,
"built_in_distance<829>",9796,70121.4,70092.9,ns,,,,,
"mshift<829>",7422,94416,94380.2,ns,,,,,
"mshift_promoted<829>",7411,94103.9,94067.2,ns,,,,,
"mcomp<829>",8497,81232.6,81203.2,ns,,,,,
"mcomp_promoted<829>",9037,77278.2,77249.1,ns,,,,,
"built_in<830>",9087,74952.1,74921.8,ns,,,,,
"built_in_distance<830>",9293,75124.6,75095.9,ns,,,,,
"mshift<830>",7117,95283.2,95248.9,ns,,,,,
"mshift_promoted<830>",7390,94988.9,94955.3,ns,,,,,
"mcomp<830>",8499,79211.9,79181.2,ns,,,,,
"mcomp_promoted<830>",8298,81702.6,81670.2,ns,,,,,
"built_in<831>",9674,70010,69984.2,ns,,,,,
"built_in_distance<831>",9738,70058.5,70033.2,ns,,,,,
"mshift<831>",7358,95027.8,94991,ns,,,,,
"mshift_promoted<831>",7264,95406.3,95368.5,ns,,,,,
"mcomp<831>",8474,81864.4,81831.9,ns,,,,,
"mcomp_promoted<831>",8985,77188.6,77159.7,ns,,,,,
"built_in<832>",8601,79650.7,79610.7,ns,,,,,
"built_in_distance<832>",8507,79815.3,79784.4,ns,,,,,
"mshift<832>",7374,94850.5,94814,ns,,,,,
"mshift_promoted<832>",7264,94219,94185.7,ns,,,,,
"mcomp<832>",8659,77875,77845.9,ns,,,,,
"mcomp_promoted<832>",8740,81232.3,81201.5,ns,,,,,
"new_algo<832>",6168,110410,110367,ns,,,,,
"built_in<833>",7335,92283.4,92246.6,ns,,,,,
"built_in_distance<833>",7423,92128.3,92095.3,ns,,,,,
"mshift<833>",7385,95116.8,95068.5,ns,,,,,
"mshift_promoted<833>",5487,129880,129830,ns,,,,,
"mcomp<833>",8208,81220.5,81189,ns,,,,,
"mcomp_promoted<833>",8750,77909.9,77879.9,ns,,,,,
"built_in<834>",9499,69932.1,69907,ns,,,,,
"built_in_distance<834>",9779,71186.8,71158.1,ns,,,,,
"mshift<834>",7256,94468.3,94432.5,ns,,,,,
"mshift_promoted<834>",7339,95124.9,95087.8,ns,,,,,
"mcomp<834>",8632,77335.3,77305,ns,,,,,
"mcomp_promoted<834>",8256,80722.2,80689.4,ns,,,,,
"built_in<835>",10067,70095,70066.9,ns,,,,,
"built_in_distance<835>",9648,70124.6,70096,ns,,,,,
"mshift<835>",7315,94205.4,94172.7,ns,,,,,
"mshift_promoted<835>",7090,95346.3,95312.5,ns,,,,,
"mcomp<835>",8408,81219.7,81188.3,ns,,,,,
"mcomp_promoted<835>",8791,76847.3,76816.2,ns,,,,,
"built_in<836>",9942,70087.4,70062.9,ns,,,,,
"built_in_distance<836>",9500,70323.8,70298.2,ns,,,,,
"mshift<836>",7242,95820.5,95781.8,ns,,,,,
"mshift_promoted<836>",7187,95408.4,95371.3,ns,,,,,
"mcomp<836>",8788,78396.9,78365.4,ns,,,,,
"mcomp_promoted<836>",8463,80988.6,80960.1,ns,,,,,
"built_in<837>",9496,71048.8,71021,ns,,,,,
"built_in_distance<837>",9629,69857.4,69830.5,ns,,,,,
"mshift<837>",7057,95861.2,95824.2,ns,,,,,
"mshift_promoted<837>",7392,95522.8,95485.1,ns,,,,,
"mcomp<837>",8285,81192,81160.1,ns,,,,,
"mcomp_promoted<837>",9252,76673.6,76635.7,ns,,,,,
"built_in<838>",9960,70701.4,70673.8,ns,,,,,
"built_in_distance<838>",9984,70416.7,70391,ns,,,,,
"mshift<838>",7354,95011.3,94975,ns,,,,,
"mshift_promoted<838>",7329,95405,95366.6,ns,,,,,
"mcomp<838>",8869,76978,76947.3,ns,,,,,
"mcomp_promoted<838>",8621,81699.2,81667.5,ns,,,,,
"built_in<839>",9920,70328.2,70303.5,ns,,,,,
"built_in_distance<839>",10106,69579.3,69551.9,ns,,,,,
"mshift<839>",7072,94581.4,94532.1,ns,,,,,
"mshift_promoted<839>",7159,93886.3,93850.3,ns,,,,,
"mcomp<839>",8346,81328.3,81300,ns,,,,,
"mcomp_promoted<839>",8722,77096.6,77069.3,ns,,,,,
"built_in<840>",9466,69775.3,69747.3,ns,,,,,
"built_in_distance<840>",9871,70149.9,70123.8,ns,,,,,
"mshift<840>",7096,94963.3,94929.2,ns,,,,,
"mshift_promoted<840>",7202,95730,95695.2,ns,,,,,
"mcomp<840>",8769,77282.5,77252.9,ns,,,,,
"mcomp_promoted<840>",8293,81866.6,81825.7,ns,,,,,
"new_algo<840>",6215,111177,111132,ns,,,,,
"built_in<841>",7482,91406,91373.9,ns,,,,,
"built_in_distance<841>",7326,91419,91381.5,ns,,,,,
"mshift<841>",7151,95263.8,95226.2,ns,,,,,
"mshift_promoted<841>",7206,95364.1,95326.3,ns,,,,,
"mcomp<841>",8342,82258.4,82227.3,ns,,,,,
"mcomp_promoted<841>",8767,77024.2,76994.8,ns,,,,,
"built_in<842>",9831,69891.3,69864.1,ns,,,,,
"built_in_distance<842>",9736,70529.1,70493.3,ns,,,,,
"mshift<842>",7102,95628.7,95593.7,ns,,,,,
"mshift_promoted<842>",7144,94534,94499,ns,,,,,
"mcomp<842>",8979,76894.9,76863.9,ns,,,,,
"mcomp_promoted<842>",8580,80594.9,80563.6,ns,,,,,
"built_in<843>",7416,92540.1,92503.2,ns,,,,,
"built_in_distance<843>",7317,92413.7,92380.5,ns,,,,,
"mshift<843>",7242,94836.2,94797.5,ns,,,,,
"mshift_promoted<843>",7131,95772.7,95735.3,ns,,,,,
"mcomp<843>",8327,81952,81910.7,ns,,,,,
"mcomp_promoted<843>",9077,76516,76488.6,ns,,,,,
"built_in<844>",9609,70362.7,70337.8,ns,,,,,
"built_in_distance<844>",9758,70304.8,70276.1,ns,,,,,
"mshift<844>",7258,94644.7,94607.2,ns,,,,,
"mshift_promoted<844>",7125,95258.5,95220.9,ns,,,,,
"mcomp<844>",8896,76157.2,76130.3,ns,,,,,
"mcomp_promoted<844>",8680,81373.4,81342,ns,,,,,
"built_in<845>",7365,91560.4,91524,ns,,,,,
"built_in_distance<845>",7333,91416.3,91370,ns,,,,,
"mshift<845>",7339,95562.9,95527.4,ns,,,,,
"mshift_promoted<845>",7116,95276.1,95238.5,ns,,,,,
"mcomp<845>",8338,82326.3,82293.3,ns,,,,,
"mcomp_promoted<845>",8817,77759.3,77729,ns,,,,,
"built_in<846>",9177,76064.8,76036.6,ns,,,,,
"built_in_distance<846>",9088,75860.2,75833.3,ns,,,,,
"mshift<846>",7082,95304.2,95267.6,ns,,,,,
"mshift_promoted<846>",7096,95171.6,95135.1,ns,,,,,
"mcomp<846>",8872,77547.5,77507.9,ns,,,,,
"mcomp_promoted<846>",8320,82689.8,82658.7,ns,,,,,
"built_in<847>",7271,92545.1,92509.1,ns,,,,,
"built_in_distance<847>",7337,91985,91949.3,ns,,,,,
"mshift<847>",7168,94977.1,94940.4,ns,,,,,
"mshift_promoted<847>",7085,95261.4,95227,ns,,,,,
"mcomp<847>",8224,82057.8,82023.9,ns,,,,,
"mcomp_promoted<847>",8972,76676.4,76646.9,ns,,,,,
"built_in<848>",8975,76607.6,76577.3,ns,,,,,
"built_in_distance<848>",9181,74970.7,74943.1,ns,,,,,
"mshift<848>",7254,94894.3,94858.5,ns,,,,,
"mshift_promoted<848>",7261,95679.8,95640.7,ns,,,,,
"mcomp<848>",8710,76580.4,76550.7,ns,,,,,
"mcomp_promoted<848>",8479,80677.6,80645.8,ns,,,,,
"new_algo<848>",6085,110903,110863,ns,,,,,
"built_in<849>",9799,69647.2,69620.5,ns,,,,,
"built_in_distance<849>",9444,70603.8,70575.3,ns,,,,,
"mshift<849>",7102,95720.9,95682.6,ns,,,,,
"mshift_promoted<849>",7191,94397.5,94364.4,ns,,,,,
"mcomp<849>",8389,81118.7,81085.2,ns,,,,,
"mcomp_promoted<849>",8701,78930.7,78900.1,ns,,,,,
"built_in<850>",9701,70608.8,70579.5,ns,,,,,
"built_in_distance<850>",9907,70108.9,70084,ns,,,,,
"mshift<850>",7283,95801.8,95765.5,ns,,,,,
"mshift_promoted<850>",7144,94113.1,94076.1,ns,,,,,
"mcomp<850>",8848,76676.8,76647.1,ns,,,,,
"mcomp_promoted<850>",8320,81324.1,81290.1,ns,,,,,
"new_algo<850>",6063,111717,111676,ns,,,,,
"built_in<851>",7316,92947.7,92909.6,ns,,,,,
"built_in_distance<851>",7655,92336.6,92301.1,ns,,,,,
"mshift<851>",7089,95150.6,95113.7,ns,,,,,
"mshift_promoted<851>",7232,95276.2,95240.5,ns,,,,,
"mcomp<851>",8332,81032.5,81002.9,ns,,,,,
"mcomp_promoted<851>",9220,76751.1,76720.9,ns,,,,,
"built_in<852>",8799,75960.8,75930,ns,,,,,
"built_in_distance<852>",9002,76460.8,76430.8,ns,,,,,
"mshift<852>",7248,94404.6,94370.2,ns,,,,,
"mshift_promoted<852>",7281,94873.6,94834.7,ns,,,,,
"mcomp<852>",9006,77188,77156.8,ns,,,,,
"mcomp_promoted<852>",8278,81484,81452.5,ns,,,,,
"built_in<853>",7360,92008.9,91976.1,ns,,,,,
"built_in_distance<853>",7381,90994.4,90958.8,ns,,,,,
"mshift<853>",7179,94855.5,94817,ns,,,,,
"mshift_promoted<853>",7141,95704.2,95667.2,ns,,,,,
"mcomp<853>",8332,81901,81871.3,ns,,,,,
"mcomp_promoted<853>",9180,76792.4,76764,ns,,,,,
"built_in<854>",9778,70856.4,70820.5,ns,,,,,
"built_in_distance<854>",9686,71103.1,71074,ns,,,,,
"mshift<854>",7104,96625.8,96588.2,ns,,,,,
"mshift_promoted<854>",7127,96276,96239.7,ns,,,,,
"mcomp<854>",8685,78515.5,78484.6,ns,,,,,
"mcomp_promoted<854>",8302,81630.1,81598.1,ns,,,,,
"new_algo<854>",6123,111835,111790,ns,,,,,
"built_in<855>",7372,91666.2,91634.1,ns,,,,,
"built_in_distance<855>",7406,92061.9,92029.3,ns,,,,,
"mshift<855>",7110,95705.9,95658.4,ns,,,,,
"mshift_promoted<855>",7329,95610.9,95573.6,ns,,,,,
"mcomp<855>",8744,81377.7,81345.5,ns,,,,,
"mcomp_promoted<855>",9215,77180.4,77152.7,ns,,,,,
"new_algo<855>",6407,110405,110362,ns,,,,,
"built_in<856>",9238,75257.3,75227.8,ns,,,,,
"built_in_distance<856>",9245,75772.8,75742.9,ns,,,,,
"mshift<856>",7219,94674.5,94636.3,ns,,,,,
"mshift_promoted<856>",7438,96096.7,96062.2,ns,,,,,
"mcomp<856>",9122,76686.2,76656.4,ns,,,,,
"mcomp_promoted<856>",8428,81447.3,81416.2,ns,,,,,
"built_in<857>",7713,91194.6,91159,ns,,,,,
"built_in_distance<857>",7728,92471.3,92437.8,ns,,,,,
"mshift<857>",7418,95549.6,95513.5,ns,,,,,
"mshift_promoted<857>",7411,94966.3,94929,ns,,,,,
"mcomp<857>",8435,81450.8,81419.1,ns,,,,,
"mcomp_promoted<857>",8982,77800.4,77768.3,ns,,,,,
"built_in<858>",10083,69847.4,69821.1,ns,,,,,
"built_in_distance<858>",9569,70578.4,70550.7,ns,,,,,
"mshift<858>",7307,94554.4,94518.2,ns,,,,,
"mshift_promoted<858>",7125,94790,94753.6,ns,,,,,
"mcomp<858>",9059,77316.5,77289.5,ns,,,,,
"mcomp_promoted<858>",8318,82064.2,82033.6,ns,,,,,
"new_algo<858>",6265,111949,111906,ns,,,,,
"built_in<859>",7530,90750.6,90715.8,ns,,,,,
"built_in_distance<859>",7344,92533.4,92496.4,ns,,,,,
"mshift<859>",7135,95523.7,95490.6,ns,,,,,
"mshift_promoted<859>",7173,95181.5,95132.5,ns,,,,,
"mcomp<859>",8188,82704.4,82672,ns,,,,,
"mcomp_promoted<859>",8599,77943.8,77912.5,ns,,,,,
"built_in<860>",9675,70363.9,70338.2,ns,,,,,
"built_in_distance<860>",9523,70132.2,70105.1,ns,,,,,
"mshift<860>",7121,95145.2,95106.2,ns,,,,,
"mshift_promoted<860>",7339,94890.2,94853.5,ns,,,,,
"mcomp<860>",8784,77526.3,77497.5,ns,,,,,
"mcomp_promoted<860>",8525,81861.8,81832.4,ns,,,,,
"new_algo<860>",6146,110939,110895,ns,,,,,
"built_in<861>",9816,70427.1,70398.4,ns,,,,,
"built_in_distance<861>",9587,70396.4,70368.3,ns,,,,,
"mshift<861>",7417,95520.7,95487.1,ns,,,,,
"mshift_promoted<861>",7083,95491,95455.2,ns,,,,,
"mcomp<861>",8362,81054.9,81023.5,ns,,,,,
"mcomp_promoted<861>",8892,76804.3,76773.4,ns,,,,,
"new_algo<861>",6178,110774,110735,ns,,,,,
"built_in<862>",9285,75946.6,75919.5,ns,,,,,
"built_in_distance<862>",8974,76641.3,76603.1,ns,,,,,
"mshift<862>",7394,95850.2,95812.4,ns,,,,,
"mshift_promoted<862>",7357,95228.1,95189.9,ns,,,,,
"mcomp<862>",8766,77160.6,77131.4,ns,,,,,
"mcomp_promoted<862>",8422,81994,81962.1,ns,,,,,
"new_algo<862>",6046,109926,109884,ns,,,,,
"built_in<863>",7383,91943.2,91906.7,ns,,,,,
"built_in_distance<863>",7381,92183,92148.5,ns,,,,,
"mshift<863>",7461,95451.5,95415.8,ns,,,,,
"mshift_promoted<863>",7315,95934,95885.9,ns,,,,,
"mcomp<863>",8360,81706.6,81674.2,ns,,,,,
"mcomp_promoted<863>",9073,77677.7,77647.2,ns,,,,,
"built_in<864>",8651,78949.6,78920.5,ns,,,,,
"built_in_distance<864>",8896,79369.6,79337,ns,,,,,
"mshift<864>",7412,94779.3,94743.7,ns,,,,,
"mshift_promoted<864>",7299,95286.5,95249.3,ns,,,,,
"mcomp<864>",9048,76970.3,76940.6,ns,,,,,
"mcomp_promoted<864>",8376,81692.9,81663.5,ns,,,,,
"new_algo<864>",6306,111490,111434,ns,,,,,
"built_in<865>",7550,92306.3,92271.5,ns,,,,,
"built_in_distance<865>",7464,92200.4,92164.5,ns,,,,,
"mshift<865>",7253,94399.8,94365.8,ns,,,,,
"mshift_promoted<865>",7083,94855.8,94821.8,ns,,,,,
"mcomp<865>",8241,81338.5,81303.7,ns,,,,,
"mcomp_promoted<865>",8763,77866,77834.7,ns,,,,,
"built_in<866>",9124,75639.6,75609.9,ns,,,,,
"built_in_distance<866>",9120,75995.8,75968.3,ns,,,,,
"mshift<866>",7085,95912.6,95874.3,ns,,,,,
"mshift_promoted<866>",7239,95427.3,95388.9,ns,,,,,
"mcomp<866>",8646,78774.4,78743.3,ns,,,,,
"mcomp_promoted<866>",8561,81646.2,81615.2,ns,,,,,
"built_in<867>",7330,91557.3,91525.1,ns,,,,,
"built_in_distance<867>",7421,93551.2,93513.5,ns,,,,,
"mshift<867>",7137,94382.9,94345.5,ns,,,,,
"mshift_promoted<867>",7148,94976,94938.1,ns,,,,,
"mcomp<867>",8570,81230.3,81201.2,ns,,,,,
"mcomp_promoted<867>",8582,77912.2,77873.1,ns,,,,,
"built_in<868>",9789,69957.8,69931.3,ns,,,,,
"built_in_distance<868>",9699,70975.1,70945.9,ns,,,,,
"mshift<868>",7217,94617,94583.6,ns,,,,,
"mshift_promoted<868>",7150,96174.8,96136.7,ns,,,,,
"mcomp<868>",8827,76359.7,76329.8,ns,,,,,
"mcomp_promoted<868>",8210,81514.1,81482.6,ns,,,,,
"new_algo<868>",6251,111057,111015,ns,,,,,
"built_in<869>",9665,70562,70534.3,ns,,,,,
"built_in_distance<869>",9650,70353.5,70318,ns,,,,,
"mshift<869>",7159,94621.4,94586.1,ns,,,,,
"mshift_promoted<869>",7146,94953.6,94919.4,ns,,,,,
"mcomp<869>",8549,81617.1,81586.1,ns,,,,,
"mcomp_promoted<869>",8933,77443.8,77413.7,ns,,,,,
"built_in<870>",9950,70537.6,70509.5,ns,,,,,
"built_in_distance<870>",9823,69940.2,69914.1,ns,,,,,
"mshift<870>",7261,96012.5,95977.4,ns,,,,,
"mshift_promoted<870>",7120,96169.5,96130.3,ns,,,,,
"mcomp<870>",9006,76690.3,76660.4,ns,,,,,
"mcomp_promoted<870>",8548,80522,80491.5,ns,,,,,
"new_algo<870>",6097,110548,110511,ns,,,,,
"built_in<871>",7399,92533.5,92500,ns,,,,,
"built_in_distance<871>",7368,91389.1,91352.2,ns,,,,,
"mshift<871>",7088,94933.2,94895.1,ns,,,,,
"mshift_promoted<871>",7150,95766.1,95728.8,ns,,,,,
"mcomp<871>",8299,81210.3,81181,ns,,,,,
"mcomp_promoted<871>",8881,77856.9,77825.1,ns,,,,,
"built_in<872>",9606,70246,70217.2,ns,,,,,
"built_in_distance<872>",9641,70009,69981.5,ns,,,,,
"mshift<872>",7077,95335.8,95301.1,ns,,,,,
"mshift_promoted<872>",7166,95174.6,95135.6,ns,,,,,
"mcomp<872>",8855,76990.4,76960.1,ns,,,,,
"mcomp_promoted<872>",8486,81214.5,81182.1,ns,,,,,
"new_algo<872>",6149,110222,110183,ns,,,,,
"built_in<873>",9615,70951.9,70926,ns,,,,,
"built_in_distance<873>",9832,70002.4,69975.4,ns,,,,,
"mshift<873>",7198,95216.2,95179,ns,,,,,
"mshift_promoted<873>",7165,96727.3,96689,ns,,,,,
"mcomp<873>",8459,81386.8,81356.7,ns,,,,,
"mcomp_promoted<873>",8630,77726.5,77695.8,ns,,,,,
"new_algo<873>",6302,110792,110750,ns,,,,,
"built_in<874>",9459,70668,70639.7,ns,,,,,
"built_in_distance<874>",9855,70149.2,70123.8,ns,,,,,
"mshift<874>",7079,93989,93951.6,ns,,,,,
"mshift_promoted<874>",7258,96296.1,96257.4,ns,,,,,
"mcomp<874>",8852,76765.7,76727.9,ns,,,,,
"mcomp_promoted<874>",8299,81582.5,81553,ns,,,,,
"built_in<875>",7453,91685.3,91653.2,ns,,,,,
"built_in_distance<875>",7379,92288.3,92250.2,ns,,,,,
"mshift<875>",7244,94903.5,94866.2,ns,,,,,
"mshift_promoted<875>",7123,95400.4,95362.2,ns,,,,,
"mcomp<875>",8269,80744.1,80716.4,ns,,,,,
"mcomp_promoted<875>",8656,77554.1,77524.3,ns,,,,,
"built_in<876>",9781,70534.2,70505.7,ns,,,,,
"built_in_distance<876>",9820,69893.6,69859.1,ns,,,,,
"mshift<876>",7105,96421.9,96384.6,ns,,,,,
"mshift_promoted<876>",7301,94565.3,94529.2,ns,,,,,
"mcomp<876>",8749,78482.1,78449,ns,,,,,
"mcomp_promoted<876>",8515,81091.4,81059.4,ns,,,,,
"new_algo<876>",6114,111012,110973,ns,,,,,
"built_in<877>",9702,69719.7,69695.1,ns,,,,,
"built_in_distance<877>",9665,70931.6,70904.2,ns,,,,,
"mshift<877>",7147,96586.9,96548.5,ns,,,,,
"mshift_promoted<877>",7276,95345.3,95307.4,ns,,,,,
"mcomp<877>",8298,81754.4,81724.3,ns,,,,,
"mcomp_promoted<877>",8776,77698.9,77669.5,ns,,,,,
"built_in<878>",9575,71566.2,71536.4,ns,,,,,
"built_in_distance<878>",9623,71035.4,71007.5,ns,,,,,
"mshift<878>",7084,95135.5,95101.9,ns,,,,,
"mshift_promoted<878>",7062,95717,95679.3,ns,,,,,
"mcomp<878>",8716,77157.2,77126.6,ns,,,,,
"mcomp_promoted<878>",8413,81713.1,81681.3,ns,,,,,
"built_in<879>",9687,70936.9,70911.2,ns,,,,,
"built_in_distance<879>",9960,70595.8,70570,ns,,,,,
"mshift<879>",7256,94862,94824.7,ns,,,,,
"mshift_promoted<879>",7134,94606.3,94568.9,ns,,,,,
"mcomp<879>",8317,81500.4,81469,ns,,,,,
"mcomp_promoted<879>",8812,76724,76697.1,ns,,,,,
"built_in<880>",9067,75601.6,75572.9,ns,,,,,
"built_in_distance<880>",8868,76773.2,76741.6,ns,,,,,
"mshift<880>",7130,95337.9,95300.3,ns,,,,,
"mshift_promoted<880>",7172,95275.6,95242.1,ns,,,,,
"mcomp<880>",9190,76425.3,76387.7,ns,,,,,
"mcomp_promoted<880>",8472,81335.8,81304.5,ns,,,,,
"new_algo<880>",6239,112481,112436,ns,,,,,
"built_in<881>",9695,70885.3,70860.4,ns,,,,,
"built_in_distance<881>",9564,70217.7,70192.7,ns,,,,,
"mshift<881>",7310,94447.7,94411.7,ns,,,,,
"mshift_promoted<881>",7085,94782.3,94745,ns,,,,,
"mcomp<881>",8534,81750.7,81717.2,ns,,,,,
"mcomp_promoted<881>",8633,77779,77751.2,ns,,,,,
"new_algo<881>",6084,111088,111033,ns,,,,,
"built_in<882>",9471,70751.7,70724.8,ns,,,,,
"built_in_distance<882>",9608,70265.3,70238.2,ns,,,,,
"mshift<882>",7332,95490.8,95455.8,ns,,,,,
"mshift_promoted<882>",7316,95787.4,95750.1,ns,,,,,
"mcomp<882>",8803,79930.7,79898.8,ns,,,,,
"mcomp_promoted<882>",8677,80791.6,80761.3,ns,,,,,
"new_algo<882>",6286,111457,111415,ns,,,,,
"built_in<883>",7396,91889,91855.6,ns,,,,,
"built_in_distance<883>",7357,92420.7,92373.6,ns,,,,,
"mshift<883>",7383,95711.3,95674.4,ns,,,,,
"mshift_promoted<883>",7219,94969.3,94934,ns,,,,,
"mcomp<883>",8536,82610.9,82580.9,ns,,,,,
"mcomp_promoted<883>",8937,77796.6,77767.6,ns,,,,,
"built_in<884>",9709,70978.8,70949.2,ns,,,,,
"built_in_distance<884>",9416,70777.8,70749.8,ns,,,,,
"mshift<884>",7197,94645.6,94609.1,ns,,,,,
"mshift_promoted<884>",7507,94857.9,94823.7,ns,,,,,
"mcomp<884>",8460,78407.4,78366.8,ns,,,,,
"mcomp_promoted<884>",8719,81280,81248,ns,,,,,
"new_algo<884>",6155,110997,110954,ns,,,,,
"built_in<885>",9598,69649.1,69624.5,ns,,,,,
"built_in_distance<885>",9916,70086.4,70059.7,ns,,,,,
"mshift<885>",7288,94358.6,94322.9,ns,,,,,
"mshift_promoted<885>",7148,94639.7,94602.9,ns,,,,,
"mcomp<885>",8676,81557.3,81525.7,ns,,,,,
"mcomp_promoted<885>",8663,78409.8,78381.8,ns,,,,,
"built_in<886>",9273,75605.3,75567.7,ns,,,,,
"built_in_distance<886>",8962,75785.1,75755,ns,,,,,
"mshift<886>",7493,94283.4,94246.4,ns,,,,,
"mshift_promoted<886>",7095,94475,94441.4,ns,,,,,
"mcomp<886>",9020,78741.5,78710,ns,,,,,
"mcomp_promoted<886>",8651,81569.9,81538.2,ns,,,,,
"built_in<887>",7330,92059.6,92023.1,ns,,,,,
"built_in_distance<887>",7280,91186.3,91153.4,ns,,,,,
"mshift<887>",7213,94789.7,94752.9,ns,,,,,
"mshift_promoted<887>",7423,94910.2,94863.1,ns,,,,,
"mcomp<887>",8438,81872.9,81840.2,ns,,,,,
"mcomp_promoted<887>",9112,78874.5,78842.9,ns,,,,,
"built_in<888>",8999,75654.7,75626.7,ns,,,,,
"built_in_distance<888>",8852,76615.8,76584.8,ns,,,,,
"mshift<888>",7228,94385.8,94348.3,ns,,,,,
"mshift_promoted<888>",7134,94787.5,94750.1,ns,,,,,
"mcomp<888>",8883,76827.8,76801,ns,,,,,
"mcomp_promoted<888>",8322,81700,81669.3,ns,,,,,
"new_algo<888>",6343,112964,112918,ns,,,,,
"built_in<889>",7408,92098,92062.6,ns,,,,,
"built_in_distance<889>",7384,92422.5,92386.1,ns,,,,,
"mshift<889>",7287,94594.9,94562.5,ns,,,,,
"mshift_promoted<889>",7210,95535.5,95497.1,ns,,,,,
"mcomp<889>",8684,81844.4,81812,ns,,,,,
"mcomp_promoted<889>",8626,76234.7,76206,ns,,,,,
"new_algo<889>",6843,100611,100575,ns,,,,,
"built_in<890>",9611,71398.2,71371.2,ns,,,,,
"built_in_distance<890>",9633,70213.8,70176.3,ns,,,,,
"mshift<890>",7322,94554.7,94518.1,ns,,,,,
"mshift_promoted<890>",7152,94379.6,94343.8,ns,,,,,
"mcomp<890>",8891,76871.8,76845.1,ns,,,,,
"mcomp_promoted<890>",8536,80933.7,80902.4,ns,,,,,
"new_algo<890>",6105,110575,110530,ns,,,,,
"built_in<891>",9950,71053.8,71026,ns,,,,,
"built_in_distance<891>",9432,70232.8,70207.7,ns,,,,,
"mshift<891>",7380,93820.2,93783.7,ns,,,,,
"mshift_promoted<891>",7147,94860.4,94813.1,ns,,,,,
"mcomp<891>",8252,81907.3,81874.1,ns,,,,,
"mcomp_promoted<891>",8754,76555,76526.7,ns,,,,,
"built_in<892>",8983,75937.4,75910.3,ns,,,,,
"built_in_distance<892>",8978,75109.8,75080.5,ns,,,,,
"mshift<892>",7237,94927.6,94890.5,ns,,,,,
"mshift_promoted<892>",7334,95404.4,95366.5,ns,,,,,
"mcomp<892>",8682,78556.2,78527,ns,,,,,
"mcomp_promoted<892>",8437,81216.3,81185.2,ns,,,,,
"new_algo<892>",6230,111546,111491,ns,,,,,
"built_in<893>",9675,70452.5,70425.1,ns,,,,,
"built_in_distance<893>",9732,70242.4,70217.6,ns,,,,,
"mshift<893>",7148,95962.3,95926.9,ns,,,,,
"mshift_promoted<893>",7356,94913.5,94877.5,ns,,,,,
"mcomp<893>",8519,82034.8,82002.1,ns,,,,,
"mcomp_promoted<893>",8831,76996.4,76965.8,ns,,,,,
"built_in<894>",9010,75489.2,75461.7,ns,,,,,
"built_in_distance<894>",9011,75140.4,75110.2,ns,,,,,
"mshift<894>",7091,96200.6,96151.9,ns,,,,,
"mshift_promoted<894>",7266,94546.9,94510.4,ns,,,,,
"mcomp<894>",8791,76674.7,76647.9,ns,,,,,
"mcomp_promoted<894>",8557,80806.5,80775.7,ns,,,,,
"built_in<895>",7336,92055.9,92019.3,ns,,,,,
"built_in_distance<895>",7342,92603.1,92566,ns,,,,,
"mshift<895>",7158,94642.8,94608.6,ns,,,,,
"mshift_promoted<895>",7097,95191.9,95158.6,ns,,,,,
"mcomp<895>",8209,81041.4,81010.7,ns,,,,,
"mcomp_promoted<895>",8766,77644.9,77612.6,ns,,,,,
"built_in<896>",8670,80649.2,80620.4,ns,,,,,
"built_in_distance<896>",8356,80844.6,80816.8,ns,,,,,
"mshift<896>",7331,94577.4,94539.3,ns,,,,,
"mshift_promoted<896>",7190,94707,94670.7,ns,,,,,
"mcomp<896>",8798,77505.6,77473.6,ns,,,,,
"mcomp_promoted<896>",8246,81753.7,81723.8,ns,,,,,
"new_algo<896>",6136,111416,111372,ns,,,,,
"built_in<897>",7405,91475.2,91439.8,ns,,,,,
"built_in_distance<897>",7490,92305.3,92259.7,ns,,,,,
"mshift<897>",7256,95540.1,95504.1,ns,,,,,
"mshift_promoted<897>",5282,131620,131573,ns,,,,,
"mcomp<897>",8348,81278.9,81247.4,ns,,,,,
"mcomp_promoted<897>",8889,77007.6,76977.9,ns,,,,,
"built_in<898>",9764,69881.2,69854.3,ns,,,,,
"built_in_distance<898>",9899,70188.4,70162.1,ns,,,,,
"mshift<898>",7142,95234.5,95196.5,ns,,,,,
"mshift_promoted<898>",7143,95845.7,95808,ns,,,,,
"mcomp<898>",8911,77240.2,77210.6,ns,,,,,
"mcomp_promoted<898>",8482,81729.1,81699.8,ns,,,,,
"built_in<899>",9717,70742.5,70716.9,ns,,,,,
"built_in_distance<899>",9726,70617.1,70589.4,ns,,,,,
"mshift<899>",7175,94336.5,94300.9,ns,,,,,
"mshift_promoted<899>",7283,95136.7,95099.9,ns,,,,,
"mcomp<899>",8366,82259.5,82229.6,ns,,,,,
"mcomp_promoted<899>",8750,77306.8,77277.1,ns,,,,,
"built_in<900>",9258,75183,75153.6,ns,,,,,
"built_in_distance<900>",8978,74949.5,74919.2,ns,,,,,
"mshift<900>",7128,95156.8,95121.5,ns,,,,,
"mshift_promoted<900>",7366,94594.5,94557.1,ns,,,,,
"mcomp<900>",8949,76674.2,76644.8,ns,,,,,
"mcomp_promoted<900>",8328,81017.7,80985.4,ns,,,,,
"new_algo<900>",6123,110247,110208,ns,,,,,
"built_in<901>",9689,70422.7,70397.6,ns,,,,,
"built_in_distance<901>",9744,70024.9,69997.9,ns,,,,,
"mshift<901>",7367,94975.1,94938.5,ns,,,,,
"mshift_promoted<901>",7430,94679,94631.8,ns,,,,,
"mcomp<901>",8424,81777.2,81748.2,ns,,,,,
"mcomp_promoted<901>",8784,77197.3,77167.7,ns,,,,,
"built_in<902>",8967,75562.8,75533.5,ns,,,,,
"built_in_distance<902>",8880,75195.1,75166.3,ns,,,,,
"mshift<902>",7212,94356.6,94321.8,ns,,,,,
"mshift_promoted<902>",7418,95092.9,95055.7,ns,,,,,
"mcomp<902>",8769,77577.5,77547.5,ns,,,,,
"mcomp_promoted<902>",8369,81606.3,81574.7,ns,,,,,
"new_algo<902>",6125,112030,111990,ns,,,,,
"built_in<903>",9608,70857.7,70831.5,ns,,,,,
"built_in_distance<903>",9617,70536.1,70508.6,ns,,,,,
"mshift<903>",7089,95836.6,95798.6,ns,,,,,
"mshift_promoted<903>",7356,95483.1,95445.7,ns,,,,,
"mcomp<903>",8518,81257.4,81229.3,ns,,,,,
"mcomp_promoted<903>",8696,78722.6,78689.9,ns,,,,,
"new_algo<903>",6101,110804,110762,ns,,,,,
"built_in<904>",9672,70277.1,70250.4,ns,,,,,
"built_in_distance<904>",9665,70022.2,69997,ns,,,,,
"mshift<904>",7181,94607.8,94574.7,ns,,,,,
"mshift_promoted<904>",7393,96359.6,96319.4,ns,,,,,
"mcomp<904>",9087,77093.3,77064.5,ns,,,,,
"mcomp_promoted<904>",8402,81457.9,81426.4,ns,,,,,
"new_algo<904>",6130,109747,109709,ns,,,,,
"built_in<905>",9870,70118,70090.6,ns,,,,,
"built_in_distance<905>",9683,70616.7,70588.6,ns,,,,,
"mshift<905>",7105,94733.1,94694.2,ns,,,,,
"mshift_promoted<905>",7277,95393,95359.1,ns,,,,,
"mcomp<905>",8339,80869.3,80829.3,ns,,,,,
"mcomp_promoted<905>",8811,76120.7,76090.5,ns,,,,,
"built_in<906>",8923,75000.8,74971.9,ns,,,,,
"built_in_distance<906>",9197,76027.5,75999.5,ns,,,,,
"mshift<906>",7181,94414.9,94382,ns,,,,,
"mshift_promoted<906>",7279,94695,94658.4,ns,,,,,
"mcomp<906>",8982,77029.6,76999.8,ns,,,,,
"mcomp_promoted<906>",8396,81128.5,81097.4,ns,,,,,
"new_algo<906>",6280,110305,110264,ns,,,,,
"built_in<907>",9960,69516.2,69482.3,ns,,,,,
"built_in_distance<907>",9701,70366.4,70339.4,ns,,,,,
"mshift<907>",7196,94920.1,94883.3,ns,,,,,
"mshift_promoted<907>",7125,94521.4,94488.1,ns,,,,,
"mcomp<907>",8390,81561.2,81528.2,ns,,,,,
"mcomp_promoted<907>",8736,77118.6,77088.2,ns,,,,,
"built_in<908>",9796,69879.6,69853,ns,,,,,
"built_in_distance<908>",9635,70205.4,70180,ns,,,,,
"mshift<908>",7142,96398.2,96362.6,ns,,,,,
"mshift_promoted<908>",7147,93885.3,93837.4,ns,,,,,
"mcomp<908>",8733,77348.8,77317.8,ns,,,,,
"mcomp_promoted<908>",8422,81397.6,81368.7,ns,,,,,
"built_in<909>",10040,70627.2,70601.1,ns,,,,,
"built_in_distance<909>",9417,70571.4,70543,ns,,,,,
"mshift<909>",7298,94456.6,94418,ns,,,,,
"mshift_promoted<909>",7340,94879.1,94840.2,ns,,,,,
"mcomp<909>",8326,81892.2,81861.4,ns,,,,,
"mcomp_promoted<909>",9105,75393.2,75362.9,ns,,,,,
"built_in<910>",8830,75659.7,75620.4,ns,,,,,
"built_in_distance<910>",9007,75516.4,75484.9,ns,,,,,
"mshift<910>",7227,94618.2,94583.5,ns,,,,,
"mshift_promoted<910>",7459,95434.1,95396.6,ns,,,,,
"mcomp<910>",8661,77711.2,77680.2,ns,,,,,
"mcomp_promoted<910>",8345,80237,80206.4,ns,,,,,
"new_algo<910>",6276,111146,111101,ns,,,,,
"built_in<911>",7348,92316.2,92283.7,ns,,,,,
"built_in_distance<911>",7528,93632,93594.9,ns,,,,,
"mshift<911>",7192,93920.8,93884.3,ns,,,,,
"mshift_promoted<911>",7326,95231.7,95194.2,ns,,,,,
"mcomp<911>",8516,81193.7,81164,ns,,,,,
"mcomp_promoted<911>",8773,76618.1,76591.1,ns,,,,,
"built_in<912>",9623,70717.5,70689.4,ns,,,,,
"built_in_distance<912>",9556,70079.8,70052.4,ns,,,,,
"mshift<912>",7091,96226.9,96191.5,ns,,,,,
"mshift_promoted<912>",7203,94928.9,94894.7,ns,,,,,
"mcomp<912>",8886,77925.7,77894.5,ns,,,,,
"mcomp_promoted<912>",8534,80326.6,80287.2,ns,,,,,
"new_algo<912>",6248,111329,111285,ns,,,,,
"built_in<913>",7388,92519.3,92485.4,ns,,,,,
"built_in_distance<913>",7452,91531.1,91495.6,ns,,,,,
"mshift<913>",7299,94875.9,94837.9,ns,,,,,
"mshift_promoted<913>",7083,94803.5,94766.1,ns,,,,,
"mcomp<913>",8601,81001.7,80972.6,ns,,,,,
"mcomp_promoted<913>",8657,76937.4,76910.2,ns,,,,,
"built_in<914>",9109,75836,75806.5,ns,,,,,
"built_in_distance<914>",9013,75698.7,75660.3,ns,,,,,
"mshift<914>",7124,93942.7,93906.9,ns,,,,,
"mshift_promoted<914>",7116,95553.5,95518.5,ns,,,,,
"mcomp<914>",8938,78007.4,77975.4,ns,,,,,
"mcomp_promoted<914>",8454,81174.1,81142.8,ns,,,,,
"built_in<915>",9733,69743.5,69715.6,ns,,,,,
"built_in_distance<915>",9644,71707.7,71680.8,ns,,,,,
"mshift<915>",7203,94665.4,94628.2,ns,,,,,
"mshift_promoted<915>",7154,94533.6,94496.9,ns,,,,,
"mcomp<915>",8167,80559.5,80518.6,ns,,,,,
"mcomp_promoted<915>",8873,76048.4,76019.3,ns,,,,,
"new_algo<915>",6247,110835,110794,ns,,,,,
"built_in<916>",9739,70140.5,70113.4,ns,,,,,
"built_in_distance<916>",9792,70487.9,70460.5,ns,,,,,
"mshift<916>",7195,95234.5,95200.6,ns,,,,,
"mshift_promoted<916>",7084,94667.8,94631.3,ns,,,,,
"mcomp<916>",8797,77453.1,77423.5,ns,,,,,
"mcomp_promoted<916>",8340,82069.5,82037.8,ns,,,,,
"built_in<917>",7659,90999.2,90954.4,ns,,,,,
"built_in_distance<917>",7409,91451.7,91418.9,ns,,,,,
"mshift<917>",7340,96235,96194.6,ns,,,,,
"mshift_promoted<917>",7403,95657.8,95621.6,ns,,,,,
"mcomp<917>",8345,81902.2,81869.9,ns,,,,,
"mcomp_promoted<917>",9066,77539.5,77512.2,ns,,,,,
"built_in<918>",9057,74910.1,74883.4,ns,,,,,
"built_in_distance<918>",9063,76092.1,76061.7,ns,,,,,
"mshift<918>",7238,94993,94956.8,ns,,,,,
"mshift_promoted<918>",7430,95763.8,95726.5,ns,,,,,
"mcomp<918>",8760,76237.8,76211.1,ns,,,,,
"mcomp_promoted<918>",8308,82613.3,82580.2,ns,,,,,
"built_in<919>",7339,93131.2,93094.1,ns,,,,,
"built_in_distance<919>",7333,91649.2,91612.9,ns,,,,,
"mshift<919>",7285,95126,95092,ns,,,,,
"mshift_promoted<919>",7298,95135.3,95100.7,ns,,,,,
"mcomp<919>",8678,81796.7,81763.7,ns,,,,,
"mcomp_promoted<919>",8628,76720.3,76690.1,ns,,,,,
"built_in<920>",8906,75054.5,75024.7,ns,,,,,
"built_in_distance<920>",8839,75150.4,75124.7,ns,,,,,
"mshift<920>",7132,95035,94998.2,ns,,,,,
"mshift_promoted<920>",7161,95648.3,95612.1,ns,,,,,
"mcomp<920>",8843,77916.3,77886.2,ns,,,,,
"mcomp_promoted<920>",8559,81870.8,81840.7,ns,,,,,
"new_algo<920>",6135,110278,110239,ns,,,,,
"built_in<921>",9763,70664.3,70636.7,ns,,,,,
"built_in_distance<921>",9835,70683.6,70656.7,ns,,,,,
"mshift<921>",7427,95850.1,95812.2,ns,,,,,
"mshift_promoted<921>",7109,94772.4,94738,ns,,,,,
"mcomp<921>",8569,81847.3,81815.8,ns,,,,,
"mcomp_promoted<921>",9081,77964.6,77933.5,ns,,,,,
"built_in<922>",9510,70502.4,70475.1,ns,,,,,
"built_in_distance<922>",9476,70346.2,70321.1,ns,,,,,
"mshift<922>",7332,93882.3,93844.8,ns,,,,,
"mshift_promoted<922>",7098,95121,95082.6,ns,,,,,
"mcomp<922>",8918,77364.9,77335.3,ns,,,,,
"mcomp_promoted<922>",8310,81895.6,81866.2,ns,,,,,
"built_in<923>",9657,70373.7,70338.6,ns,,,,,
"built_in_distance<923>",9648,70067.5,70039.1,ns,,,,,
"mshift<923>",7315,95237.6,95200.7,ns,,,,,
"mshift_promoted<923>",7323,95350.9,95317.2,ns,,,,,
"mcomp<923>",8338,81791.8,81761.8,ns,,,,,
"mcomp_promoted<923>",8765,77252.9,77222.4,ns,,,,,
"built_in<924>",9739,70576.2,70547.2,ns,,,,,
"built_in_distance<924>",9848,71176.5,71147,ns,,,,,
"mshift<924>",7098,95976.6,95940.3,ns,,,,,
"mshift_promoted<924>",7479,94207.1,94159.5,ns,,,,,
"mcomp<924>",8748,76263.7,76233.6,ns,,,,,
"mcomp_promoted<924>",8367,81742.6,81708.4,ns,,,,,
"new_algo<924>",6290,111464,111424,ns,,,,,
"built_in<925>",988,671542,671299,ns,,,,,
"built_in_distance<925>",9981,69712.7,69686.2,ns,,,,,
"mshift<925>",7158,96159.3,96120.8,ns,,,,,
"mshift_promoted<925>",7185,94825.6,94788.4,ns,,,,,
"mcomp<925>",8306,81803.4,81774.1,ns,,,,,
"mcomp_promoted<925>",8642,76293.2,76263.2,ns,,,,,
"built_in<926>",9084,75141.3,75112.1,ns,,,,,
"built_in_distance<926>",8930,77167.4,77136.3,ns,,,,,
"mshift<926>",7407,94434.3,94401.1,ns,,,,,
"mshift_promoted<926>",7329,95094,95056.3,ns,,,,,
"mcomp<926>",8860,76618.2,76589,ns,,,,,
"mcomp_promoted<926>",8467,81616.9,81585.4,ns,,,,,
"built_in<927>",9614,70799.4,70774.6,ns,,,,,
"built_in_distance<927>",9658,70259,70231.6,ns,,,,,
"mshift<927>",7138,94296.4,94259.5,ns,,,,,
"mshift_promoted<927>",7208,95311.5,95270.3,ns,,,,,
"mcomp<927>",8688,82389.8,82357.2,ns,,,,,
"mcomp_promoted<927>",8902,77999.3,77971.6,ns,,,,,
"built_in<928>",10406,67879.8,67853.1,ns,,,,,
"built_in_distance<928>",10003,67683.8,67656.9,ns,,,,,
"mshift<928>",7274,96519.9,96480.3,ns,,,,,
"mshift_promoted<928>",7136,95212.9,95179.7,ns,,,,,
"mcomp<928>",8939,76955.4,76925.3,ns,,,,,
"mcomp_promoted<928>",8507,81114.6,81074.5,ns,,,,,
"new_algo<928>",6188,112685,112640,ns,,,,,
"built_in<929>",7403,91996.2,91963.1,ns,,,,,
"built_in_distance<929>",7359,91790.6,91757.6,ns,,,,,
"mshift<929>",7084,94595.4,94558.5,ns,,,,,
"mshift_promoted<929>",7440,95110.7,95074.3,ns,,,,,
"mcomp<929>",8284,81548.9,81515.4,ns,,,,,
"mcomp_promoted<929>",8749,76865.1,76837,ns,,,,,
"built_in<930>",9437,71233.8,71205.6,ns,,,,,
"built_in_distance<930>",9819,71208.8,71173.1,ns,,,,,
"mshift<930>",7132,94921.7,94885,ns,,,,,
"mshift_promoted<930>",7231,95423.6,95387.5,ns,,,,,
"mcomp<930>",8761,76585.4,76557.4,ns,,,,,
"mcomp_promoted<930>",8360,82150.3,82118.2,ns,,,,,
"new_algo<930>",6333,111849,111804,ns,,,,,
"built_in<931>",9956,70802.5,70774.7,ns,,,,,
"built_in_distance<931>",9607,71218.2,71190.9,ns,,,,,
"mshift<931>",7422,94674.1,94636.4,ns,,,,,
"mshift_promoted<931>",7237,95816.9,95769.7,ns,,,,,
"mcomp<931>",8314,82322.2,82290.4,ns,,,,,
"mcomp_promoted<931>",8999,77205.1,77177.7,ns,,,,,
"built_in<932>",9177,75796.2,75768,ns,,,,,
"built_in_distance<932>",9064,75827.4,75798.2,ns,,,,,
"mshift<932>",7460,94982.6,94945.1,ns,,,,,
"mshift_promoted<932>",7347,94362.5,94326.3,ns,,,,,
"mcomp<932>",8720,77349.5,77321.8,ns,,,,,
"mcomp_promoted<932>",8515,80628.8,80597.3,ns,,,,,
"new_algo<932>",6058,111383,111327,ns,,,,,
"built_in<933>",7367,92253.7,92217.4,ns,,,,,
"built_in_distance<933>",7480,93262.3,93226,ns,,,,,
"mshift<933>",7133,95689.3,95653.4,ns,,,,,
"mshift_promoted<933>",7122,95514.2,95475.9,ns,,,,,
"mcomp<933>",8322,81442.6,81411.1,ns,,,,,
"mcomp_promoted<933>",9031,76681.3,76651.3,ns,,,,,
"built_in<934>",9119,75295.6,75268,ns,,,,,
"built_in_distance<934>",9180,76453.1,76422.3,ns,,,,,
"mshift<934>",7238,95031.8,94992,ns,,,,,
"mshift_promoted<934>",7124,95214.5,95174.6,ns,,,,,
"mcomp<934>",8843,76862.2,76835.1,ns,,,,,
"mcomp_promoted<934>",8484,80790.3,80758.6,ns,,,,,
"built_in<935>",9469,70580.1,70552.8,ns,,,,,
"built_in_distance<935>",9718,70693.9,70666.3,ns,,,,,
"mshift<935>",7083,94497.3,94462.8,ns,,,,,
"mshift_promoted<935>",7099,94859.4,94825.9,ns,,,,,
"mcomp<935>",8531,80908.9,80877.6,ns,,,,,
"mcomp_promoted<935>",8829,77891.9,77853.4,ns,,,,,
"new_algo<935>",6184,110953,110911,ns,,,,,
"built_in<936>",9802,69644.8,69619.5,ns,,,,,
"built_in_distance<936>",9700,70763.6,70735.5,ns,,,,,
"mshift<936>",7159,94725.7,94689.3,ns,,,,,
"mshift_promoted<936>",7084,95422.8,95386,ns,,,,,
"mcomp<936>",8804,77070.8,77043.2,ns,,,,,
"mcomp_promoted<936>",8268,80799.2,80766.9,ns,,,,,
"new_algo<936>",6363,112953,112908,ns,,,,,
"built_in<937>",7482,92673.9,92628.6,ns,,,,,
"built_in_distance<937>",7382,92827.5,92794,ns,,,,,
"mshift<937>",7447,94430.2,94396.7,ns,,,,,
"mshift_promoted<937>",7130,95211.8,95173.4,ns,,,,,
"mcomp<937>",8446,81283.4,81251.3,ns,,,,,
"mcomp_promoted<937>",8881,76454.6,76425.1,ns,,,,,
"built_in<938>",9173,75740.1,75712.5,ns,,,,,
"built_in_distance<938>",8875,75057.6,75028.4,ns,,,,,
"mshift<938>",7114,96910.2,96869.3,ns,,,,,
"mshift_promoted<938>",7132,94558.7,94511.5,ns,,,,,
"mcomp<938>",8808,77654.4,77627,ns,,,,,
"mcomp_promoted<938>",8216,81259.1,81230.3,ns,,,,,
"built_in<939>",7413,92866.8,92830.7,ns,,,,,
"built_in_distance<939>",7455,92658.8,92620.7,ns,,,,,
"mshift<939>",7147,94695,94657.5,ns,,,,,
"mshift_promoted<939>",7092,95774.9,95739.9,ns,,,,,
"mcomp<939>",8316,82398,82365.6,ns,,,,,
"mcomp_promoted<939>",8807,76152.5,76123.4,ns,,,,,
"built_in<940>",9127,75692.1,75662.2,ns,,,,,
"built_in_distance<940>",9134,75152.1,75125.4,ns,,,,,
"mshift<940>",7271,95099,95061.7,ns,,,,,
"mshift_promoted<940>",7263,94840.3,94802.9,ns,,,,,
"mcomp<940>",8905,77585.6,77554.8,ns,,,,,
"mcomp_promoted<940>",8472,82078.4,82049,ns,,,,,
"built_in<941>",9960,70493.7,70467.9,ns,,,,,
"built_in_distance<941>",9929,70323.2,70295.2,ns,,,,,
"mshift<941>",7211,94157.3,94121.1,ns,,,,,
"mshift_promoted<941>",7338,95914.5,95866.4,ns,,,,,
"mcomp<941>",8270,81422.8,81393.7,ns,,,,,
"mcomp_promoted<941>",8691,77147.5,77116.2,ns,,,,,
"built_in<942>",8977,76255.7,76225.6,ns,,,,,
"built_in_distance<942>",9218,76583.7,76552.7,ns,,,,,
"mshift<942>",7109,95478.9,95444.1,ns,,,,,
"mshift_promoted<942>",7190,96324.9,96290,ns,,,,,
"mcomp<942>",8780,76847.2,76816.6,ns,,,,,
"mcomp_promoted<942>",8385,82118.9,82087.1,ns,,,,,
"new_algo<942>",6284,111703,111647,ns,,,,,
"built_in<943>",7449,92699.8,92666.8,ns,,,,,
"built_in_distance<943>",7347,92556.2,92519.9,ns,,,,,
"mshift<943>",7215,94665.7,94626.9,ns,,,,,
"mshift_promoted<943>",7079,95089,95052.7,ns,,,,,
"mcomp<943>",8484,82387.9,82357,ns,,,,,
"mcomp_promoted<943>",8973,76370.2,76343.2,ns,,,,,
"built_in<944>",9698,70760.6,70732.8,ns,,,,,
"built_in_distance<944>",9839,69862.3,69834.9,ns,,,,,
"mshift<944>",7365,96443.7,96395.4,ns,,,,,
"mshift_promoted<944>",7245,94972.6,94939.4,ns,,,,,
"mcomp<944>",8743,77934.6,77904.2,ns,,,,,
"mcomp_promoted<944>",8242,80863.7,80832.3,ns,,,,,
"new_algo<944>",6108,111655,111609,ns,,,,,
"built_in<945>",7384,93670.3,93635.4,ns,,,,,
"built_in_distance<945>",7332,93010.8,92973.8,ns,,,,,
"mshift<945>",7340,95495.9,95457.5,ns,,,,,
"mshift_promoted<945>",7089,97101.1,97062.6,ns,,,,,
"mcomp<945>",8361,80805.7,80764.4,ns,,,,,
"mcomp_promoted<945>",8837,77455.2,77426.9,ns,,,,,
"new_algo<945>",6045,111141,111098,ns,,,,,
"built_in<946>",9212,76022.1,75992.9,ns,,,,,
"built_in_distance<946>",9011,75718.2,75688.2,ns,,,,,
"mshift<946>",7135,95822.1,95786.5,ns,,,,,
"mshift_promoted<946>",7151,95070.1,95031.8,ns,,,,,
"mcomp<946>",8563,78366.6,78335.2,ns,,,,,
"mcomp_promoted<946>",8512,81640.1,81608,ns,,,,,
"built_in<947>",9678,70347.1,70321.6,ns,,,,,
"built_in_distance<947>",9597,71111.7,71083.6,ns,,,,,
"mshift<947>",7130,95124.1,95085.7,ns,,,,,
"mshift_promoted<947>",7147,94922.8,94885.6,ns,,,,,
"mcomp<947>",8395,81894.3,81861,ns,,,,,
"mcomp_promoted<947>",8865,77394.9,77366.4,ns,,,,,
"built_in<948>",8821,75482.9,75452.8,ns,,,,,
"built_in_distance<948>",9038,75500.7,75470.9,ns,,,,,
"mshift<948>",7331,94179.9,94143,ns,,,,,
"mshift_promoted<948>",7242,94535.1,94501.8,ns,,,,,
"mcomp<948>",8745,78226.8,78195,ns,,,,,
"mcomp_promoted<948>",8590,81287.4,81256,ns,,,,,
"built_in<949>",7374,92698.6,92661.3,ns,,,,,
"built_in_distance<949>",7551,91473.2,91441.4,ns,,,,,
"mshift<949>",7105,95059.8,95026.5,ns,,,,,
"mshift_promoted<949>",7344,94864.3,94826.7,ns,,,,,
"mcomp<949>",8296,81632.9,81601.1,ns,,,,,
"mcomp_promoted<949>",8840,77131.3,77100.7,ns,,,,,
"new_algo<949>",6078,110835,110796,ns,,,,,
"built_in<950>",8899,76416,76376.9,ns,,,,,
"built_in_distance<950>",9302,75454.5,75426.3,ns,,,,,
"mshift<950>",7236,95105,95068.8,ns,,,,,
"mshift_promoted<950>",7093,95058.1,95023.3,ns,,,,,
"mcomp<950>",8742,78161.3,78133,ns,,,,,
"mcomp_promoted<950>",8304,80985.7,80954.4,ns,,,,,
"built_in<951>",9593,69666,69639.4,ns,,,,,
"built_in_distance<951>",9779,70655.8,70630.3,ns,,,,,
"mshift<951>",7185,94611.9,94577.2,ns,,,,,
"mshift_promoted<951>",7155,96231,96182.4,ns,,,,,
"mcomp<951>",8310,81852.3,81821.3,ns,,,,,
"mcomp_promoted<951>",8846,76240.7,76211.1,ns,,,,,
"built_in<952>",8986,76234.1,76207.2,ns,,,,,
"built_in_distance<952>",9056,76031.7,76000.9,ns,,,,,
"mshift<952>",7278,95432.4,95393.6,ns,,,,,
"mshift_promoted<952>",7093,94230.6,94195.1,ns,,,,,
"mcomp<952>",8734,78106.5,78078.5,ns,,,,,
"mcomp_promoted<952>",8338,81801.2,81769,ns,,,,,
"new_algo<952>",6126,111672,111613,ns,,,,,
"built_in<953>",7402,91687.7,91653.3,ns,,,,,
"built_in_distance<953>",7517,92586.7,92551.9,ns,,,,,
"mshift<953>",7194,94407.5,94373.6,ns,,,,,
"mshift_promoted<953>",7113,94710.2,94673.3,ns,,,,,
"mcomp<953>",8669,81398.7,81365.2,ns,,,,,
"mcomp_promoted<953>",8648,77979.9,77949.7,ns,,,,,
"built_in<954>",9671,70858.8,70833.4,ns,,,,,
"built_in_distance<954>",9440,70054.1,70027.6,ns,,,,,
"mshift<954>",7092,94977.7,94930.9,ns,,,,,
"mshift_promoted<954>",7137,95039.7,95002.3,ns,,,,,
"mcomp<954>",8878,77319.7,77292.1,ns,,,,,
"mcomp_promoted<954>",8525,82006.6,81974.7,ns,,,,,
"built_in<955>",9568,70432.5,70405.6,ns,,,,,
"built_in_distance<955>",9841,71294.7,71266,ns,,,,,
"mshift<955>",7094,94876.7,94842.8,ns,,,,,
"mshift_promoted<955>",7328,95231.7,95195.7,ns,,,,,
"mcomp<955>",8304,81216.1,81184.6,ns,,,,,
"mcomp_promoted<955>",8701,78122.2,78083.5,ns,,,,,
"built_in<956>",9034,75724.8,75695.2,ns,,,,,
"built_in_distance<956>",8962,75708.1,75681.1,ns,,,,,
"mshift<956>",7121,95078,95039.9,ns,,,,,
"mshift_promoted<956>",7094,94476.8,94441,ns,,,,,
"mcomp<956>",8886,76611.3,76581.1,ns,,,,,
"mcomp_promoted<956>",8444,80995.6,80966.5,ns,,,,,
"built_in<957>",9468,70691.7,70663.5,ns,,,,,
"built_in_distance<957>",9667,70430.5,70401.9,ns,,,,,
"mshift<957>",7189,96713.3,96674.6,ns,,,,,
"mshift_promoted<957>",7349,94329.1,94296.4,ns,,,,,
"mcomp<957>",8338,81432.8,81403.9,ns,,,,,
"mcomp_promoted<957>",8655,78261.5,78230.9,ns,,,,,
"built_in<958>",9029,76325.5,76294.7,ns,,,,,
"built_in_distance<958>",8817,75697.6,75670,ns,,,,,
"mshift<958>",7076,95279.2,95244,ns,,,,,
"mshift_promoted<958>",7099,95732.4,95693.9,ns,,,,,
"mcomp<958>",9020,75966.7,75936.9,ns,,,,,
"mcomp_promoted<958>",8364,82745.5,82702,ns,,,,,
"built_in<959>",7617,91757.8,91725,ns,,,,,
"built_in_distance<959>",7379,91807.2,91771.3,ns,,,,,
"mshift<959>",7416,96063,96025.1,ns,,,,,
"mshift_promoted<959>",7221,95476.1,95439.1,ns,,,,,
"mcomp<959>",8398,81530.6,81500.2,ns,,,,,
"mcomp_promoted<959>",9142,77150.8,77123.2,ns,,,,,
"built_in<960>",8726,78836.5,78805.9,ns,,,,,
"built_in_distance<960>",8560,79343.1,79312.5,ns,,,,,
"mshift<960>",7149,95641,95593.1,ns,,,,,
"mshift_promoted<960>",7411,95862.2,95825.6,ns,,,,,
"mcomp<960>",8966,76867.8,76837.9,ns,,,,,
"mcomp_promoted<960>",8378,82892.4,82858.2,ns,,,,,
"new_algo<960>",6155,110972,110930,ns,,,,,
"built_in<961>",6346,106879,106841,ns,,,,,
"built_in_distance<961>",9749,71172.6,71145.4,ns,,,,,
"mshift<961>",7128,94938.9,94901.3,ns,,,,,
"mshift_promoted<961>",5261,130146,130095,ns,,,,,
"mcomp<961>",8222,81339.2,81307.4,ns,,,,,
"mcomp_promoted<961>",8372,80738.7,80709,ns,,,,,
"built_in<962>",8922,75066,75036,ns,,,,,
"built_in_distance<962>",9185,75557.2,75527.2,ns,,,,,
"mshift<962>",7161,94209.2,94173.1,ns,,,,,
"mshift_promoted<962>",7280,94636.7,94603,ns,,,,,
"mcomp<962>",9015,77416.5,77388.4,ns,,,,,
"mcomp_promoted<962>",8576,81268.8,81237.4,ns,,,,,
"new_algo<962>",6296,110755,110711,ns,,,,,
"built_in<963>",9798,70835.7,70800.8,ns,,,,,
"built_in_distance<963>",9457,70717,70691.7,ns,,,,,
"mshift<963>",7141,94956,94918.6,ns,,,,,
"mshift_promoted<963>",7099,95642.1,95605.1,ns,,,,,
"mcomp<963>",8366,81363.4,81329.8,ns,,,,,
"mcomp_promoted<963>",8897,77344.6,77316.9,ns,,,,,
"built_in<964>",9970,71412,71384.2,ns,,,,,
"built_in_distance<964>",9969,69886.3,69859.8,ns,,,,,
"mshift<964>",7334,95119.1,95081.8,ns,,,,,
"mshift_promoted<964>",7175,94858.5,94810.7,ns,,,,,
"mcomp<964>",8714,77951.9,77923.1,ns,,,,,
"mcomp_promoted<964>",8404,80909.2,80878,ns,,,,,
"new_algo<964>",6045,111978,111935,ns,,,,,
"built_in<965>",7551,92236.5,92199.9,ns,,,,,
"built_in_distance<965>",7726,92303.3,92268.3,ns,,,,,
"mshift<965>",7203,94664.4,94631.1,ns,,,,,
"mshift_promoted<965>",7379,94911.6,94874.8,ns,,,,,
"mcomp<965>",8524,81642.3,81610.5,ns,,,,,
"mcomp_promoted<965>",8927,76481.3,76442.8,ns,,,,,
"built_in<966>",9117,75480.5,75452.9,ns,,,,,
"built_in_distance<966>",8802,75864,75834.4,ns,,,,,
"mshift<966>",7414,95281.4,95244.5,ns,,,,,
"mshift_promoted<966>",7245,95264.7,95228.3,ns,,,,,
"mcomp<966>",8989,76773.3,76745.9,ns,,,,,
"mcomp_promoted<966>",8296,81060,81027.9,ns,,,,,
"built_in<967>",9625,70880.9,70853.4,ns,,,,,
"built_in_distance<967>",9573,71228.7,71200.7,ns,,,,,
"mshift<967>",7175,95924.7,95890.5,ns,,,,,
"mshift_promoted<967>",7120,94857.9,94822.7,ns,,,,,
"mcomp<967>",8353,81701.9,81667.7,ns,,,,,
"mcomp_promoted<967>",8950,77730.3,77699.5,ns,,,,,
"built_in<968>",8916,75165,75137.9,ns,,,,,
"built_in_distance<968>",8963,75654,75626.9,ns,,,,,
"mshift<968>",7075,94919.5,94883.1,ns,,,,,
"mshift_promoted<968>",7188,94751.8,94712.8,ns,,,,,
"mcomp<968>",8641,78813,78781.8,ns,,,,,
"mcomp_promoted<968>",8316,81620.2,81590,ns,,,,,
"built_in<969>",7444,92116.5,92079.8,ns,,,,,
"built_in_distance<969>",7380,93447.7,93409.6,ns,,,,,
"mshift<969>",7179,94661.6,94623.7,ns,,,,,
"mshift_promoted<969>",7126,95540.1,95506.1,ns,,,,,
"mcomp<969>",8696,81493.8,81462.9,ns,,,,,
"mcomp_promoted<969>",8858,76240.2,76211,ns,,,,,
"built_in<970>",9160,76209.9,76179.2,ns,,,,,
"built_in_distance<970>",8963,75667.1,75637.4,ns,,,,,
"mshift<970>",7142,95448.5,95412.9,ns,,,,,
"mshift_promoted<970>",7133,95409.4,95371.9,ns,,,,,
"mcomp<970>",8697,76959.2,76929.9,ns,,,,,
"mcomp_promoted<970>",8203,81574.9,81543.2,ns,,,,,
"new_algo<970>",6197,111167,111128,ns,,,,,
"built_in<971>",7379,91457.4,91421,ns,,,,,
"built_in_distance<971>",7358,93061.2,93025,ns,,,,,
"mshift<971>",7098,96633.8,96594.6,ns,,,,,
"mshift_promoted<971>",7216,94372.3,94338.3,ns,,,,,
"mcomp<971>",8576,82064.7,82035,ns,,,,,
"mcomp_promoted<971>",9001,76570.2,76531,ns,,,,,
"built_in<972>",8944,75203.5,75174.8,ns,,,,,
"built_in_distance<972>",8831,75215.9,75187.1,ns,,,,,
"mshift<972>",7108,94277.3,94243.4,ns,,,,,
"mshift_promoted<972>",7201,96596.5,96557,ns,,,,,
"mcomp<972>",9098,76703.5,76672,ns,,,,,
"mcomp_promoted<972>",8448,82185.4,82152.5,ns,,,,,
"built_in<973>",7360,91360.2,91327.4,ns,,,,,
"built_in_distance<973>",7365,91582.2,91549.7,ns,,,,,
"mshift<973>",7144,95646.7,95608.5,ns,,,,,
"mshift_promoted<973>",7167,95559.2,95520.6,ns,,,,,
"mcomp<973>",8371,82035.5,82001,ns,,,,,
"mcomp_promoted<973>",8924,76812.4,76784.3,ns,,,,,
"built_in<974>",9074,76174.5,76143.6,ns,,,,,
"built_in_distance<974>",8961,75754,75723.8,ns,,,,,
"mshift<974>",7056,96161.3,96121.7,ns,,,,,
"mshift_promoted<974>",7133,96123.3,96088.8,ns,,,,,
"mcomp<974>",8539,77956.7,77926,ns,,,,,
"mcomp_promoted<974>",8408,81881.8,81841.4,ns,,,,,
"built_in<975>",7624,91823.1,91788.4,ns,,,,,
"built_in_distance<975>",7531,92659.1,92624.3,ns,,,,,
"mshift<975>",7079,94306.8,94272.2,ns,,,,,
"mshift_promoted<975>",7192,94758.4,94722,ns,,,,,
"mcomp<975>",8428,81998.2,81966.8,ns,,,,,
"mcomp_promoted<975>",8684,78034.1,78003.6,ns,,,,,
"new_algo<975>",6284,112341,112299,ns,,,,,
"built_in<976>",8852,75203.9,75174.7,ns,,,,,
"built_in_distance<976>",9015,75575.7,75538,ns,,,,,
"mshift<976>",7121,94634.2,94597.6,ns,,,,,
"mshift_promoted<976>",7141,94070.7,94036.7,ns,,,,,
"mcomp<976>",8926,77853.6,77822.7,ns,,,,,
"mcomp_promoted<976>",8399,81281.1,81249.5,ns,,,,,
"new_algo<976>",5872,118054,118006,ns,,,,,
"built_in<977>",7399,91959,91923.7,ns,,,,,
"built_in_distance<977>",7689,92846.4,92812,ns,,,,,
"mshift<977>",7184,94856.9,94818.8,ns,,,,,
"mshift_promoted<977>",7124,95452.7,95404.7,ns,,,,,
"mcomp<977>",8411,82152.1,82120.2,ns,,,,,
"mcomp_promoted<977>",8703,78641,78613.4,ns,,,,,
"built_in<978>",8993,75556,75528.4,ns,,,,,
"built_in_distance<978>",9222,75513.6,75484.9,ns,,,,,
"mshift<978>",7164,95239.3,95200.8,ns,,,,,
"mshift_promoted<978>",7151,95070,95033.5,ns,,,,,
"mcomp<978>",8932,77123.3,77094.9,ns,,,,,
"mcomp_promoted<978>",8375,80966.3,80934.7,ns,,,,,
"built_in<979>",7448,92323.5,92277.2,ns,,,,,
"built_in_distance<979>",7578,92157.1,92120.4,ns,,,,,
"mshift<979>",7212,95338.1,95304.1,ns,,,,,
"mshift_promoted<979>",7388,95724.7,95690.2,ns,,,,,
"mcomp<979>",8282,80700.6,80668.6,ns,,,,,
"mcomp_promoted<979>",8892,76263.6,76234.2,ns,,,,,
"built_in<980>",9784,70047.5,70022.1,ns,,,,,
"built_in_distance<980>",9430,70272.3,70244.9,ns,,,,,
"mshift<980>",7137,95324.5,95287.6,ns,,,,,
"mshift_promoted<980>",7265,94441,94404.3,ns,,,,,
"mcomp<980>",8645,78454.2,78423.8,ns,,,,,
"mcomp_promoted<980>",8447,80826.9,80797.4,ns,,,,,
"built_in<981>",7635,92463.1,92425.7,ns,,,,,
"built_in_distance<981>",7443,91800,91764.2,ns,,,,,
"mshift<981>",7102,95641.1,95604,ns,,,,,
"mshift_promoted<981>",7159,95595.9,95562.1,ns,,,,,
"mcomp<981>",8376,81493.3,81463.1,ns,,,,,
"mcomp_promoted<981>",8898,77358.8,77327.9,ns,,,,,
"new_algo<981>",6258,109750,109697,ns,,,,,
"built_in<982>",8997,76228.1,76198.6,ns,,,,,
"built_in_distance<982>",9020,75321.1,75295.3,ns,,,,,
"mshift<982>",7148,94923.6,94886,ns,,,,,
"mshift_promoted<982>",7148,94582,94545.8,ns,,,,,
"mcomp<982>",8464,77915.3,77884.5,ns,,,,,
"mcomp_promoted<982>",8362,82120.6,82091.9,ns,,,,,
"built_in<983>",7550,91924.5,91888.1,ns,,,,,
"built_in_distance<983>",7516,93078.8,93041.1,ns,,,,,
"mshift<983>",7385,95835.4,95791.4,ns,,,,,
"mshift_promoted<983>",7105,94905.6,94871.7,ns,,,,,
"mcomp<983>",8486,80826.7,80796.1,ns,,,,,
"mcomp_promoted<983>",8793,77698,77668,ns,,,,,
"built_in<984>",9064,74815.8,74786.2,ns,,,,,
"built_in_distance<984>",9214,75188.7,75158.9,ns,,,,,
"mshift<984>",7295,95418.5,95384,ns,,,,,
"mshift_promoted<984>",7229,94397.1,94360.6,ns,,,,,
"mcomp<984>",8738,77774.4,77743.7,ns,,,,,
"mcomp_promoted<984>",8205,81635.1,81593.6,ns,,,,,
"new_algo<984>",6064,110395,110355,ns,,,,,
"built_in<985>",9866,69927,69900.6,ns,,,,,
"built_in_distance<985>",9703,70724.4,70697.4,ns,,,,,
"mshift<985>",7161,95932.5,95894.8,ns,,,,,
"mshift_promoted<985>",7099,95421.5,95386.9,ns,,,,,
"mcomp<985>",8342,81414.7,81384.7,ns,,,,,
"mcomp_promoted<985>",8683,77478.9,77449.3,ns,,,,,
"built_in<986>",9669,70498.7,70470.7,ns,,,,,
"built_in_distance<986>",9769,70488.9,70453,ns,,,,,
"mshift<986>",7289,95092.2,95056.2,ns,,,,,
"mshift_promoted<986>",7307,95473.6,95435,ns,,,,,
"mcomp<986>",8734,77150.6,77121.5,ns,,,,,
"mcomp_promoted<986>",8538,81399,81367.4,ns,,,,,
"new_algo<986>",6158,111268,111228,ns,,,,,
"built_in<987>",9447,71125.8,71099.8,ns,,,,,
"built_in_distance<987>",9623,70443.7,70415.8,ns,,,,,
"mshift<987>",7410,96208.9,96170.6,ns,,,,,
"mshift_promoted<987>",7216,94422.8,94375.8,ns,,,,,
"mcomp<987>",8489,82002.1,81972.4,ns,,,,,
"mcomp_promoted<987>",9142,77264.1,77233.9,ns,,,,,
"built_in<988>",9513,70797.5,70768,ns,,,,,
"built_in_distance<988>",9581,71266.8,71237.3,ns,,,,,
"mshift<988>",7205,94247.5,94214,ns,,,,,
"mshift_promoted<988>",7281,94400.5,94363.8,ns,,,,,
"mcomp<988>",8954,78088,78057.9,ns,,,,,
"mcomp_promoted<988>",8308,81553.7,81520.9,ns,,,,,
"new_algo<988>",6101,110276,110236,ns,,,,,
"built_in<989>",7626,91401.8,91369.5,ns,,,,,
"built_in_distance<989>",7328,92758.9,92722.8,ns,,,,,
"mshift<989>",7301,95795.4,95758.8,ns,,,,,
"mshift_promoted<989>",7149,95290.6,95252,ns,,,,,
"mcomp<989>",8633,80948.4,80918.7,ns,,,,,
"mcomp_promoted<989>",8895,77781.6,77751.7,ns,,,,,
"built_in<990>",9122,75825.2,75795.2,ns,,,,,
"built_in_distance<990>",9052,75339.6,75310.6,ns,,,,,
"mshift<990>",7334,94743.8,94708.2,ns,,,,,
"mshift_promoted<990>",7450,94536.9,94503.6,ns,,,,,
"mcomp<990>",8802,77048.8,77019,ns,,,,,
"mcomp_promoted<990>",8641,81558.3,81527.6,ns,,,,,
"new_algo<990>",6177,111919,111875,ns,,,,,
"built_in<991>",7387,92639.3,92603.9,ns,,,,,
"built_in_distance<991>",7718,92346.4,92310.2,ns,,,,,
"mshift<991>",7085,95677.1,95639.3,ns,,,,,
"mshift_promoted<991>",7160,94520.2,94484.7,ns,,,,,
"mcomp<991>",8292,81856.9,81824.7,ns,,,,,
"mcomp_promoted<991>",8866,76788.7,76760,ns,,,,,
"built_in<992>",8129,84829.6,84796.5,ns,,,,,
"built_in_distance<992>",8023,84858.6,84825.3,ns,,,,,
"mshift<992>",7214,95992.1,95953.7,ns,,,,,
"mshift_promoted<992>",7342,95652.5,95617.1,ns,,,,,
"mcomp<992>",8906,77282.7,77251.4,ns,,,,,
"mcomp_promoted<992>",8373,81241.4,81209.2,ns,,,,,
"new_algo<992>",6327,110521,110478,ns,,,,,
"built_in<993>",7487,91839.1,91794.2,ns,,,,,
"built_in_distance<993>",7589,92130,92096.4,ns,,,,,
"mshift<993>",7210,94473.7,94434.4,ns,,,,,
"mshift_promoted<993>",7180,93877.7,93841.4,ns,,,,,
"mcomp<993>",8326,80824.8,80793.8,ns,,,,,
"mcomp_promoted<993>",8826,77984.1,77955.6,ns,,,,,
"new_algo<993>",6313,111120,111075,ns,,,,,
"built_in<994>",9539,70006.4,69978.9,ns,,,,,
"built_in_distance<994>",9746,70537.1,70509.1,ns,,,,,
"mshift<994>",7242,94960.8,94927.3,ns,,,,,
"mshift_promoted<994>",7180,95701.2,95666.9,ns,,,,,
"mcomp<994>",8773,76936.7,76906.9,ns,,,,,
"mcomp_promoted<994>",8358,81059.6,81027.3,ns,,,,,
"built_in<995>",9610,70401.9,70374,ns,,,,,
"built_in_distance<995>",9615,70545.1,70519.2,ns,,,,,
"mshift<995>",7251,94872.5,94834.9,ns,,,,,
"mshift_promoted<995>",7113,95264.8,95227.6,ns,,,,,
"mcomp<995>",8574,81543.6,81512,ns,,,,,
"mcomp_promoted<995>",9063,77576.5,77548.2,ns,,,,,
"built_in<996>",9759,70587.1,70558.7,ns,,,,,
"built_in_distance<996>",9640,70096.9,70069.8,ns,,,,,
"mshift<996>",7106,95968.3,95930.7,ns,,,,,
"mshift_promoted<996>",7419,94809.1,94775.5,ns,,,,,
"mcomp<996>",9075,76268.8,76240.9,ns,,,,,
"mcomp_promoted<996>",8449,81372.5,81340.5,ns,,,,,
"built_in<997>",9469,69942.3,69913.9,ns,,,,,
"built_in_distance<997>",9627,70426,70400.7,ns,,,,,
"mshift<997>",7121,95449.9,95415.5,ns,,,,,
"mshift_promoted<997>",7308,96025.9,95976,ns,,,,,
"mcomp<997>",8455,81098.4,81067.2,ns,,,,,
"mcomp_promoted<997>",8882,75846.8,75817.5,ns,,,,,
"built_in<998>",9600,70091.4,70067,ns,,,,,
"built_in_distance<998>",9638,70322.9,70295.4,ns,,,,,
"mshift<998>",7242,94589.8,94551.6,ns,,,,,
"mshift_promoted<998>",7162,94537.1,94499.2,ns,,,,,
"mcomp<998>",8682,77811,77781.4,ns,,,,,
"mcomp_promoted<998>",8696,81566.9,81535.8,ns,,,,,
"built_in<999>",7329,92446,92398.9,ns,,,,,
"built_in_distance<999>",7330,90664.3,90628.2,ns,,,,,
"mshift<999>",7371,93673.9,93637.8,ns,,,,,
"mshift_promoted<999>",7477,94636.1,94602.8,ns,,,,,
"mcomp<999>",8316,82421.4,82387.6,ns,,,,,
"mcomp_promoted<999>",8909,78110.1,78079.1,ns,,,,,
"new_algo<999>",6154,110514,110470,ns,,,,,
"built_in<1000>",8974,74183,74155.9,ns,,,,,
"built_in_distance<1000>",8926,74417.5,74388.5,ns,,,,,
"mshift<1000>",7087,94072.9,94026.1,ns,,,,,
"mshift_promoted<1000>",7385,94733.2,94696.3,ns,,,,,
"mcomp<1000>",8749,77078.5,77050.3,ns,,,,,
"mcomp_promoted<1000>",8446,82009.7,81979,ns,,,,,
